19.13,98.50
19.40,98.56
19.69,98.63
19.97,98.69
20.26,98.75
20.56,98.53
20.86,98.57
21.16,98.63
21.47,98.67
21.78,98.49
22.10,98.56
22.42,98.59
22.74,98.64
23.08,98.48
23.41,98.50
23.75,98.65
24.10,98.67
24.45,98.58
24.80,98.61
25.16,98.63
25.53,98.50
25.90,98.53
26.28,98.56
26.66,98.59
27.05,98.62
27.44,98.41
27.84,98.43
28.25,98.49
28.66,98.51
29.07,98.30
29.50,98.21
29.93,98.24
30.36,98.28
30.80,97.98
31.25,98.01
31.70,98.04
32.17,97.82
32.63,97.84
33.11,97.61
33.59,97.65
34.08,97.63
34.57,97.43
35.08,97.46
35.59,97.11
36.10,97.14
36.63,97.17
37.16,97.00
37.70,96.87
38.25,96.81
38.81,96.86
39.37,96.43
39.95,96.47
40.53,96.50
41.12,95.98
41.71,96.00
42.32,95.73
42.94,95.76
43.56,95.79
44.19,95.66
44.84,95.67
45.49,95.69
46.15,95.58
46.82,95.61
47.50,95.48
48.19,95.50
48.90,95.48
49.61,95.43
50.33,95.47
51.06,95.48
51.80,95.51
52.56,95.51
53.32,95.61
54.10,95.62
54.88,95.61
55.68,95.63
56.49,95.67
57.31,95.71
58.15,95.81
58.99,95.82
59.85,95.73
60.72,95.74
61.60,95.64
62.50,95.62
63.41,95.66
64.33,95.70
65.27,95.71
66.22,95.76
67.18,95.75
68.16,95.74
69.15,95.74
70.15,95.66
71.17,95.56
72.21,95.52
73.26,95.39
74.33,95.32
75.41,95.27
76.50,95.19
77.62,95.13
78.75,95.16
79.89,95.10
81.05,95.10
82.23,95.12
83.43,95.19
84.64,95.15
85.87,95.05
87.12,95.09
88.39,95.05
89.67,95.02
90.98,95.07
92.30,95.11
93.64,95.14
95.01,95.20
96.39,95.27
97.79,95.32
99.21,95.24
100.66,95.20
102.12,95.14
103.61,95.08
105.11,95.14
106.64,95.23
108.19,95.29
109.77,95.31
111.36,95.38
112.98,95.44
114.63,95.49
116.29,95.43
117.98,95.40
119.70,95.43
121.44,95.38
123.21,95.35
125.00,95.28
126.82,95.34
128.66,95.37
130.53,95.42
132.43,95.43
134.36,95.37
136.31,95.24
138.30,95.13
140.31,95.05
142.35,94.87
144.42,94.72
146.52,94.55
148.65,94.45
150.81,94.28
153.01,94.24
155.23,94.16
157.49,94.06
159.78,94.07
162.10,93.96
164.46,94.00
166.85,94.04
169.28,94.13
171.74,94.16
174.24,94.31
176.78,94.48
179.35,94.65
181.96,94.76
184.60,94.94
187.29,95.08
190.01,95.32
192.78,95.46
195.58,95.60
198.43,95.67
201.31,95.68
204.24,95.70
207.21,95.77
210.22,95.79
213.28,95.78
216.38,95.74
219.53,95.64
222.72,95.60
225.96,95.48
229.25,95.40
232.59,95.23
235.97,95.13
239.40,95.04
242.88,95.00
246.42,94.90
250.00,94.82
253.64,94.66
257.33,94.54
261.07,94.34
264.87,94.26
268.72,94.09
272.63,93.91
276.59,93.65
280.62,93.43
284.70,93.16
288.84,92.99
293.04,92.75
297.30,92.54
301.63,92.36
306.01,92.28
310.46,92.16
314.98,91.99
319.56,91.75
324.21,91.69
328.93,91.65
333.71,91.62
338.56,91.66
343.49,91.66
348.48,91.77
353.55,91.86
358.70,91.93
363.91,92.08
369.21,92.24
374.58,92.21
380.03,92.22
385.55,92.19
391.16,92.12
396.85,92.11
402.62,92.04
408.48,91.89
414.42,91.72
420.45,91.49
426.56,91.37
432.77,91.25
439.06,91.16
445.45,91.16
451.93,91.11
458.50,90.99
465.17,91.02
471.94,91.03
478.80,91.12
485.77,91.26
492.83,91.36
500.00,91.51
507.27,91.62
514.65,91.79
522.14,91.82
529.73,91.91
537.44,91.96
545.25,92.05
553.18,92.10
561.23,92.08
569.39,92.07
577.68,92.21
586.08,92.25
594.60,92.36
603.25,92.53
612.03,92.61
620.93,92.78
629.96,93.04
639.12,93.17
648.42,93.27
657.85,93.45
667.42,93.57
677.13,93.63
686.98,93.80
696.97,93.93
707.11,94.04
717.39,94.14
727.83,94.23
738.41,94.29
749.15,94.36
760.05,94.41
771.11,94.45
782.32,94.45
793.70,94.44
805.25,94.44
816.96,94.46
828.84,94.55
840.90,94.50
853.13,94.50
865.54,94.46
878.13,94.46
890.90,94.44
903.86,94.44
917.00,94.40
930.34,94.42
943.87,94.50
957.60,94.51
971.53,94.57
985.66,94.72
1000.00,94.85
1014.55,94.96
1029.30,95.11
1044.27,95.28
1059.46,95.38
1074.87,95.51
1090.51,95.59
1106.37,95.70
1122.46,95.78
1138.79,95.95
1155.35,96.09
1172.16,96.22
1189.21,96.38
1206.50,96.52
1224.05,96.62
1241.86,96.76
1259.92,96.94
1278.25,97.07
1296.84,97.24
1315.70,97.43
1334.84,97.52
1354.26,97.64
1373.95,97.71
1393.94,97.77
1414.21,97.88
1434.78,97.94
1455.65,98.03
1476.83,97.92
1498.31,97.95
1520.10,97.79
1542.21,97.72
1564.64,97.66
1587.40,97.58
1610.49,97.51
1633.92,97.54
1657.68,97.54
1681.79,97.37
1706.26,97.34
1731.07,97.30
1756.25,97.27
1781.80,97.27
1807.71,97.33
1834.01,97.48
1860.68,97.62
1887.75,97.82
1915.21,98.09
1943.06,98.35
1971.33,98.71
2000.00,99.08
2029.09,99.51
2058.60,99.95
2088.55,100.39
2118.93,100.85
2149.75,101.22
2181.02,101.56
2212.74,101.82
2244.92,102.12
2277.58,102.34
2310.71,102.64
2344.32,102.92
2378.41,103.27
2413.01,103.67
2448.11,104.07
2483.72,104.57
2519.84,105.02
2556.49,105.45
2593.68,105.83
2631.41,106.20
2669.68,106.49
2708.51,106.76
2747.91,107.08
2787.88,107.31
2828.43,107.58
2869.57,107.86
2911.31,108.06
2953.65,108.29
2996.61,108.41
3040.20,108.56
3084.42,108.64
3129.29,108.64
3174.80,108.67
3220.98,108.60
3267.83,108.57
3315.36,108.55
3363.59,108.41
3412.51,108.26
3462.15,108.03
3512.50,107.70
3563.59,107.33
3615.43,106.93
3668.02,106.43
3721.37,105.87
3775.50,105.30
3830.41,104.70
3886.13,104.09
3942.65,103.51
4000.00,102.87
4058.18,102.18
4117.21,101.40
4177.10,100.44
4237.85,99.48
4299.49,98.27
4362.03,96.70
4425.48,94.21
4489.85,89.94
4555.15,87.30
4621.41,88.45
4688.63,93.42
4756.83,98.02
4826.02,101.05
4896.21,102.94
4967.43,103.86
5039.68,104.26
5112.99,104.12
5187.36,103.81
5262.81,103.11
5339.36,102.36
5417.02,101.56
5495.81,100.75
5575.75,100.04
5656.85,99.43
5739.14,98.88
5822.61,98.32
5907.30,97.90
5993.23,97.69
6080.40,97.63
6168.84,97.56
6258.57,97.56
6349.60,97.53
6441.96,97.49
6535.66,97.37
6630.73,97.33
6727.17,97.26
6825.02,97.27
6924.29,97.35
7025.01,97.46
7127.19,97.68
7230.86,97.93
7336.03,98.18
7442.74,98.34
7550.99,98.32
7660.83,98.11
7772.26,97.85
7885.31,97.68
8000.00,97.66
8116.36,97.80
8234.42,98.12
8354.19,98.58
8475.70,98.96
8598.99,99.28
8724.06,99.49
8850.96,99.55
8979.70,99.64
9110.31,99.71
9242.82,99.71
9377.26,99.71
9513.66,99.62
9652.04,99.62
9792.43,99.67
9934.86,99.64
10079.37,99.60
10225.98,99.49
10374.72,99.12
10525.62,98.74
10678.72,98.46
10834.04,98.16
10991.63,97.76
11151.51,97.19
11313.71,96.43
11478.27,95.40
11645.23,94.05
11814.61,92.68
11986.46,91.38
12160.80,90.10
12337.69,88.90
12517.14,87.82
12699.21,86.88
12883.92,86.25
13071.32,86.01
13261.45,85.85
13454.34,85.67
13650.04,85.75
13848.58,86.18
14050.02,86.67
14254.38,87.24
14461.71,87.93
14672.06,88.35
14885.47,88.40
15101.99,88.27
15321.65,88.15
15544.51,88.04
15770.61,87.81
16000.00,87.46
16232.73,87.02
16468.84,86.51
16708.38,85.89
16951.41,85.06
17197.97,84.14
17448.12,83.16
17701.91,82.24
17959.39,81.34
18220.62,80.39
18485.64,79.33
18754.52,78.28
19027.31,77.30
19304.07,76.06
19584.86,74.40
19869.72,72.05