19.13,0.20
19.40,0.24
19.69,0.28
19.97,0.32
20.26,0.37
20.56,0.42
20.86,0.48
21.16,0.54
21.47,0.60
21.78,0.67
22.10,0.74
22.42,0.81
22.74,0.88
23.08,0.96
23.41,1.04
23.75,1.13
24.10,1.21
24.45,1.30
24.80,1.39
25.16,1.48
25.53,1.57
25.90,1.66
26.28,1.75
26.66,1.85
27.05,1.94
27.44,2.03
27.84,2.12
28.25,2.21
28.66,2.30
29.07,2.38
29.50,2.47
29.93,2.55
30.36,2.63
30.80,2.71
31.25,2.78
31.70,2.85
32.17,2.92
32.63,2.99
33.11,3.05
33.59,3.11
34.08,3.16
34.57,3.21
35.08,3.26
35.59,3.30
36.10,3.34
36.63,3.38
37.16,3.41
37.70,3.44
38.25,3.46
38.81,3.48
39.37,3.49
39.95,3.51
40.53,3.51
41.12,3.52
41.71,3.52
42.32,3.51
42.94,3.51
43.56,3.50
44.19,3.48
44.84,3.47
45.49,3.45
46.15,3.42
46.82,3.40
47.50,3.37
48.19,3.34
48.90,3.30
49.61,3.26
50.33,3.23
51.06,3.18
51.80,3.14
52.56,3.10
53.32,3.05
54.10,3.00
54.88,2.95
55.68,2.90
56.49,2.85
57.31,2.79
58.15,2.74
58.99,2.68
59.85,2.62
60.72,2.57
61.60,2.51
62.50,2.45
63.41,2.39
64.33,2.33
65.27,2.27
66.22,2.21
67.18,2.14
68.16,2.08
69.15,2.02
70.15,1.96
71.17,1.89
72.21,1.83
73.26,1.77
74.33,1.70
75.41,1.64
76.50,1.58
77.62,1.51
78.75,1.45
79.89,1.38
81.05,1.32
82.23,1.25
83.43,1.19
84.64,1.12
85.87,1.06
87.12,0.99
88.39,0.92
89.67,0.86
90.98,0.79
92.30,0.72
93.64,0.65
95.01,0.58
96.39,0.52
97.79,0.44
99.21,0.37
100.66,0.30
102.12,0.23
103.61,0.15
105.11,0.08
106.64,-0.00
108.19,-0.08
109.77,-0.16
111.36,-0.24
112.98,-0.33
114.63,-0.41
116.29,-0.50
117.98,-0.59
119.70,-0.68
121.44,-0.78
123.21,-0.87
125.00,-0.97
126.82,-1.07
128.66,-1.17
130.53,-1.28
132.43,-1.39
134.36,-1.50
136.31,-1.61
138.30,-1.72
140.31,-1.83
142.35,-1.95
144.42,-2.07
146.52,-2.19
148.65,-2.30
150.81,-2.42
153.01,-2.55
155.23,-2.67
157.49,-2.79
159.78,-2.91
162.10,-3.03
164.46,-3.16
166.85,-3.29
169.28,-3.42
171.74,-3.55
174.24,-3.69
176.78,-3.83
179.35,-3.98
181.96,-4.14
184.60,-4.30
187.29,-4.48
190.01,-4.67
192.78,-4.87
195.58,-5.09
198.43,-5.32
201.31,-5.57
204.24,-5.83
207.21,-6.11
210.22,-6.39
213.28,-6.70
216.38,-7.00
219.53,-7.31
222.72,-7.62
225.96,-7.92
229.25,-8.20
232.59,-8.45
235.97,-8.67
239.40,-8.83
242.88,-8.94
246.42,-8.97
250.00,-8.94
253.64,-8.83
257.33,-8.65
261.07,-8.40
264.87,-8.08
268.72,-7.71
272.63,-7.29
276.59,-6.84
280.62,-6.38
284.70,-5.94
288.84,-5.52
293.04,-5.16
297.30,-4.86
301.63,-4.64
306.01,-4.48
310.46,-4.37
314.98,-4.30
319.56,-4.26
324.21,-4.24
328.93,-4.23
333.71,-4.21
338.56,-4.21
343.49,-4.20
348.48,-4.19
353.55,-4.18
358.70,-4.17
363.91,-4.17
369.21,-4.17
374.58,-4.17
380.03,-4.17
385.55,-4.17
391.16,-4.18
396.85,-4.19
402.62,-4.20
408.48,-4.21
414.42,-4.22
420.45,-4.24
426.56,-4.26
432.77,-4.27
439.06,-4.29
445.45,-4.31
451.93,-4.33
458.50,-4.34
465.17,-4.36
471.94,-4.37
478.80,-4.39
485.77,-4.40
492.83,-4.41
500.00,-4.42
507.27,-4.42
514.65,-4.43
522.14,-4.43
529.73,-4.43
537.44,-4.42
545.25,-4.42
553.18,-4.41
561.23,-4.40
569.39,-4.39
577.68,-4.37
586.08,-4.36
594.60,-4.34
603.25,-4.32
612.03,-4.30
620.93,-4.28
629.96,-4.26
639.12,-4.24
648.42,-4.22
657.85,-4.19
667.42,-4.17
677.13,-4.15
686.98,-4.12
696.97,-4.10
707.11,-4.07
717.39,-4.05
727.83,-4.03
738.41,-4.00
749.15,-3.98
760.05,-3.96
771.11,-3.93
782.32,-3.91
793.70,-3.88
805.25,-3.86
816.96,-3.83
828.84,-3.80
840.90,-3.77
853.13,-3.74
865.54,-3.71
878.13,-3.67
890.90,-3.63
903.86,-3.59
917.00,-3.55
930.34,-3.50
943.87,-3.45
957.60,-3.39
971.53,-3.33
985.66,-3.27
1000.00,-3.21
1014.55,-3.14
1029.30,-3.06
1044.27,-2.99
1059.46,-2.91
1074.87,-2.82
1090.51,-2.74
1106.37,-2.65
1122.46,-2.56
1138.79,-2.46
1155.35,-2.36
1172.16,-2.26
1189.21,-2.16
1206.50,-2.06
1224.05,-1.95
1241.86,-1.84
1259.92,-1.74
1278.25,-1.63
1296.84,-1.51
1315.70,-1.40
1334.84,-1.29
1354.26,-1.17
1373.95,-1.06
1393.94,-0.94
1414.21,-0.82
1434.78,-0.70
1455.65,-0.58
1476.83,-0.46
1498.31,-0.33
1520.10,-0.20
1542.21,-0.08
1564.64,0.05
1587.40,0.19
1610.49,0.32
1633.92,0.46
1657.68,0.60
1681.79,0.75
1706.26,0.90
1731.07,1.06
1756.25,1.21
1781.80,1.38
1807.71,1.55
1834.01,1.72
1860.68,1.91
1887.75,2.10
1915.21,2.30
1943.06,2.50
1971.33,2.72
2000.00,2.94
2029.09,3.17
2058.60,3.42
2088.55,3.67
2118.93,3.94
2149.75,4.22
2181.02,4.51
2212.74,4.81
2244.92,5.13
2277.58,5.46
2310.71,5.80
2344.32,6.15
2378.41,6.51
2413.01,6.88
2448.11,7.25
2483.72,7.63
2519.84,8.00
2556.49,8.37
2593.68,8.74
2631.41,9.08
2669.68,9.41
2708.51,9.71
2747.91,9.98
2787.88,10.21
2828.43,10.40
2869.57,10.53
2911.31,10.62
2953.65,10.64
2996.61,10.61
3040.20,10.52
3084.42,10.37
3129.29,10.17
3174.80,9.92
3220.98,9.63
3267.83,9.29
3315.36,8.93
3363.59,8.54
3412.51,8.14
3462.15,7.73
3512.50,7.34
3563.59,6.97
3615.43,6.64
3668.02,6.36
3721.37,6.15
3775.50,6.03
3830.41,5.99
3886.13,6.04
3942.65,6.17
4000.00,6.38
4058.18,6.63
4117.21,6.92
4177.10,7.20
4237.85,7.43
4299.49,7.56
4362.03,7.56
4425.48,7.40
4489.85,7.08
4555.15,6.63
4621.41,6.09
4688.63,5.50
4756.83,4.91
4826.02,4.32
4896.21,3.76
4967.43,3.22
5039.68,2.72
5112.99,2.23
5187.36,1.77
5262.81,1.31
5339.36,0.87
5417.02,0.42
5495.81,-0.02
5575.75,-0.46
5656.85,-0.88
5739.14,-1.29
5822.61,-1.67
5907.30,-1.99
5993.23,-2.24
6080.40,-2.39
6168.84,-2.43
6258.57,-2.36
6349.60,-2.17
6441.96,-1.89
6535.66,-1.54
6630.73,-1.13
6727.17,-0.69
6825.02,-0.23
6924.29,0.22
7025.01,0.68
7127.19,1.12
7230.86,1.55
7336.03,1.98
7442.74,2.39
7550.99,2.80
7660.83,3.19
7772.26,3.57
7885.31,3.95
8000.00,4.30
8116.36,4.64
8234.42,4.95
8354.19,5.22
8475.70,5.45
8598.99,5.63
8724.06,5.74
8850.96,5.77
8979.70,5.73
9110.31,5.59
9242.82,5.37
9377.26,5.05
9513.66,4.65
9652.04,4.17
9792.43,3.61
9934.86,2.99
10079.37,2.30
10225.98,1.57
10374.72,0.79
10525.62,-0.03
10678.72,-0.90
10834.04,-1.82
10991.63,-2.78
11151.51,-3.79
11313.71,-4.86
11478.27,-5.98
11645.23,-7.13
11814.61,-8.29
11986.46,-9.41
12160.80,-10.44
12337.69,-11.28
12517.14,-11.90
12699.21,-12.24
12883.92,-12.34
13071.32,-12.24
13261.45,-12.04
13454.34,-11.81
13650.04,-11.63
13848.58,-11.53
14050.02,-11.54
14254.38,-11.67
14461.71,-11.91
14672.06,-12.28
14885.47,-12.76
15101.99,-13.34
15321.65,-14.03
15544.51,-14.80
15770.61,-15.65
16000.00,-16.55
16232.73,-17.49
16468.84,-18.43
16708.38,-19.31
16951.41,-20.08
17197.97,-20.67
17448.12,-21.00
17701.91,-21.00
17959.39,-20.62
18220.62,-19.85
18485.64,-18.70
18754.52,-17.23
19027.31,-15.54
19304.07,-13.73
19584.86,-11.90
19869.72,-10.12