19.13,76.27
19.40,76.34
19.69,76.41
19.97,76.47
20.26,76.54
20.56,76.31
20.86,76.37
21.16,76.42
21.47,76.47
21.78,76.29
22.10,76.36
22.42,76.40
22.74,76.44
23.08,76.28
23.41,76.31
23.75,76.45
24.10,76.48
24.45,76.39
24.80,76.42
25.16,76.45
25.53,76.31
25.90,76.34
26.28,76.37
26.66,76.40
27.05,76.42
27.44,76.21
27.84,76.23
28.25,76.29
28.66,76.31
29.07,76.09
29.50,76.00
29.93,76.03
30.36,76.06
30.80,75.77
31.25,75.79
31.70,75.82
32.17,75.58
32.63,75.61
33.11,75.37
33.59,75.40
34.08,75.38
34.57,75.17
35.08,75.20
35.59,74.84
36.10,74.86
36.63,74.89
37.16,74.71
37.70,74.58
38.25,74.52
38.81,74.55
39.37,74.12
39.95,74.15
40.53,74.17
41.12,73.64
41.71,73.66
42.32,73.38
42.94,73.40
43.56,73.42
44.19,73.28
44.84,73.28
45.49,73.30
46.15,73.18
46.82,73.20
47.50,73.06
48.19,73.07
48.90,73.04
49.61,72.99
50.33,73.01
51.06,73.01
51.80,73.03
52.56,73.03
53.32,73.11
54.10,73.12
54.88,73.10
55.68,73.11
56.49,73.14
57.31,73.17
58.15,73.27
58.99,73.26
59.85,73.17
60.72,73.17
61.60,73.06
62.50,73.03
63.41,73.06
64.33,73.09
65.27,73.09
66.22,73.13
67.18,73.13
68.16,73.11
69.15,73.10
70.15,73.01
71.17,72.91
72.21,72.86
73.26,72.72
74.33,72.65
75.41,72.59
76.50,72.51
77.62,72.45
78.75,72.47
79.89,72.40
81.05,72.40
82.23,72.42
83.43,72.49
84.64,72.45
85.87,72.35
87.12,72.38
88.39,72.34
89.67,72.31
90.98,72.36
92.30,72.40
93.64,72.43
95.01,72.49
96.39,72.56
97.79,72.62
99.21,72.53
100.66,72.50
102.12,72.44
103.61,72.39
105.11,72.46
106.64,72.54
108.19,72.61
109.77,72.64
111.36,72.72
112.98,72.79
114.63,72.83
116.29,72.78
117.98,72.76
119.70,72.80
121.44,72.76
123.21,72.74
125.00,72.68
126.82,72.75
128.66,72.79
130.53,72.85
132.43,72.87
134.36,72.81
136.31,72.69
138.30,72.59
140.31,72.53
142.35,72.36
144.42,72.22
146.52,72.07
148.65,71.97
150.81,71.82
153.01,71.79
155.23,71.72
157.49,71.63
159.78,71.66
162.10,71.56
164.46,71.61
166.85,71.67
169.28,71.76
171.74,71.80
174.24,71.97
176.78,72.16
179.35,72.34
181.96,72.46
184.60,72.64
187.29,72.80
190.01,73.05
192.78,73.20
195.58,73.35
198.43,73.43
201.31,73.45
204.24,73.49
207.21,73.56
210.22,73.59
213.28,73.59
216.38,73.55
219.53,73.46
222.72,73.43
225.96,73.32
229.25,73.24
232.59,73.08
235.97,72.99
239.40,72.90
242.88,72.86
246.42,72.76
250.00,72.68
253.64,72.53
257.33,72.41
261.07,72.21
264.87,72.13
268.72,71.96
272.63,71.78
276.59,71.53
280.62,71.30
284.70,71.03
288.84,70.86
293.04,70.62
297.30,70.41
301.63,70.23
306.01,70.15
310.46,70.02
314.98,69.84
319.56,69.60
324.21,69.54
328.93,69.49
333.71,69.45
338.56,69.49
343.49,69.49
348.48,69.58
353.55,69.67
358.70,69.73
363.91,69.88
369.21,70.02
374.58,69.99
380.03,69.99
385.55,69.95
391.16,69.87
396.85,69.86
402.62,69.77
408.48,69.61
414.42,69.44
420.45,69.20
426.56,69.06
432.77,68.93
439.06,68.84
445.45,68.83
451.93,68.76
458.50,68.63
465.17,68.65
471.94,68.66
478.80,68.74
485.77,68.87
492.83,68.95
500.00,69.09
507.27,69.19
514.65,69.36
522.14,69.38
529.73,69.46
537.44,69.50
545.25,69.58
553.18,69.63
561.23,69.60
569.39,69.58
577.68,69.72
586.08,69.75
594.60,69.85
603.25,70.02
612.03,70.10
620.93,70.26
629.96,70.52
639.12,70.65
648.42,70.74
657.85,70.92
667.42,71.04
677.13,71.11
686.98,71.28
696.97,71.42
707.11,71.53
717.39,71.63
727.83,71.73
738.41,71.80
749.15,71.87
760.05,71.93
771.11,71.98
782.32,71.98
793.70,71.99
805.25,71.99
816.96,72.03
828.84,72.12
840.90,72.08
853.13,72.09
865.54,72.06
878.13,72.08
890.90,72.06
903.86,72.07
917.00,72.04
930.34,72.06
943.87,72.14
957.60,72.15
971.53,72.20
985.66,72.35
1000.00,72.47
1014.55,72.57
1029.30,72.71
1044.27,72.85
1059.46,72.94
1074.87,73.04
1090.51,73.09
1106.37,73.17
1122.46,73.22
1138.79,73.35
1155.35,73.45
1172.16,73.53
1189.21,73.65
1206.50,73.75
1224.05,73.80
1241.86,73.88
1259.92,74.01
1278.25,74.10
1296.84,74.21
1315.70,74.35
1334.84,74.40
1354.26,74.48
1373.95,74.51
1393.94,74.53
1414.21,74.61
1434.78,74.64
1455.65,74.72
1476.83,74.61
1498.31,74.65
1520.10,74.50
1542.21,74.47
1564.64,74.45
1587.40,74.44
1610.49,74.45
1633.92,74.58
1657.68,74.69
1681.79,74.64
1706.26,74.75
1731.07,74.85
1756.25,74.95
1781.80,75.08
1807.71,75.22
1834.01,75.42
1860.68,75.56
1887.75,75.69
1915.21,75.84
1943.06,75.93
1971.33,76.07
2000.00,76.19
2029.09,76.34
2058.60,76.51
2088.55,76.69
2118.93,76.89
2149.75,77.03
2181.02,77.17
2212.74,77.25
2244.92,77.40
2277.58,77.51
2310.71,77.71
2344.32,77.92
2378.41,78.22
2413.01,78.60
2448.11,78.98
2483.72,79.49
2519.84,79.95
2556.49,80.41
2593.68,80.83
2631.41,81.25
2669.68,81.59
2708.51,81.92
2747.91,82.30
2787.88,82.60
2828.43,82.94
2869.57,83.30
2911.31,83.58
2953.65,83.89
2996.61,84.08
3040.20,84.31
3084.42,84.47
3129.29,84.55
3174.80,84.66
3220.98,84.67
3267.83,84.71
3315.36,84.76
3363.59,84.71
3412.51,84.63
3462.15,84.47
3512.50,84.21
3563.59,83.91
3615.43,83.57
3668.02,83.14
3721.37,82.65
3775.50,82.13
3830.41,81.60
3886.13,81.05
3942.65,80.52
4000.00,79.94
4058.18,79.30
4117.21,78.57
4177.10,77.67
4237.85,76.75
4299.49,75.58
4362.03,74.06
4425.48,71.61
4489.85,67.39
4555.15,64.79
4621.41,65.97
4688.63,70.98
4756.83,75.62
4826.02,78.68
4896.21,80.60
4967.43,81.55
5039.68,81.98
5112.99,81.87
5187.36,81.59
5262.81,80.91
5339.36,80.19
5417.02,79.41
5495.81,78.62
5575.75,77.93
5656.85,77.34
5739.14,76.81
5822.61,76.26
5907.30,75.86
5993.23,75.66
6080.40,75.62
6168.84,75.56
6258.57,75.57
6349.60,75.55
6441.96,75.52
6535.66,75.41
6630.73,75.38
6727.17,75.32
6825.02,75.34
6924.29,75.42
7025.01,75.55
7127.19,75.78
7230.86,76.04
7336.03,76.30
7442.74,76.47
7550.99,76.47
7660.83,76.27
7772.26,76.03
7885.31,75.87
8000.00,75.87
8116.36,76.03
8234.42,76.38
8354.19,76.85
8475.70,77.26
8598.99,77.61
8724.06,77.83
8850.96,77.93
8979.70,78.04
9110.31,78.13
9242.82,78.16
9377.26,78.19
9513.66,78.13
9652.04,78.16
9792.43,78.24
9934.86,78.23
10079.37,78.22
10225.98,78.14
10374.72,77.81
10525.62,77.45
10678.72,77.20
10834.04,76.93
10991.63,76.55
11151.51,76.01
11313.71,75.27
11478.27,74.26
11645.23,72.94
11814.61,71.59
11986.46,70.31
12160.80,69.06
12337.69,67.87
12517.14,66.81
12699.21,65.90
12883.92,65.28
13071.32,65.06
13261.45,64.92
13454.34,64.75
13650.04,64.85
13848.58,65.29
14050.02,65.80
14254.38,66.39
14461.71,67.09
14672.06,67.52
14885.47,67.58
15101.99,67.47
15321.65,67.36
15544.51,67.25
15770.61,67.04
16000.00,66.69
16232.73,66.27
16468.84,65.77
16708.38,65.15
16951.41,64.34
17197.97,63.42
17448.12,62.44
17701.91,61.54
17959.39,60.64
18220.62,59.70
18485.64,58.65
18754.52,57.60
19027.31,56.63
19304.07,55.39
19584.86,53.73
19869.72,51.39