19.13,70.19
19.40,70.26
19.69,70.32
19.97,70.39
20.26,70.45
20.56,70.74
20.86,70.80
21.16,70.85
21.47,70.90
21.78,71.05
22.10,71.27
22.42,71.32
22.74,71.36
23.08,71.52
23.41,71.56
23.75,71.72
24.10,71.76
24.45,71.94
24.80,71.97
25.16,72.00
25.53,72.25
25.90,72.28
26.28,72.31
26.66,72.41
27.05,72.44
27.44,72.54
27.84,72.57
28.25,72.59
28.66,72.61
29.07,72.77
29.50,72.67
29.93,72.70
30.36,72.72
30.80,72.88
31.25,72.91
31.70,72.94
32.17,73.16
32.63,73.19
33.11,73.16
33.59,73.19
34.08,73.24
34.57,73.30
35.08,73.33
35.59,73.26
36.10,73.29
36.63,73.32
37.16,73.28
37.70,73.24
38.25,73.35
38.81,73.38
39.37,73.35
39.95,73.38
40.53,73.40
41.12,73.39
41.71,73.41
42.32,73.56
42.94,73.58
43.56,73.50
44.19,73.49
44.84,73.45
45.49,73.47
46.15,73.40
46.82,73.42
47.50,73.29
48.19,73.31
48.90,73.27
49.61,73.18
50.33,73.20
51.06,73.23
51.80,73.24
52.56,73.26
53.32,73.22
54.10,73.23
54.88,73.12
55.68,73.12
56.49,73.08
57.31,73.03
58.15,73.03
58.99,72.89
59.85,72.66
60.72,72.66
61.60,72.62
62.50,72.62
63.41,72.49
64.33,72.55
65.27,72.53
66.22,72.52
67.18,72.47
68.16,72.42
69.15,72.34
70.15,72.28
71.17,72.22
72.21,72.21
73.26,72.13
74.33,72.08
75.41,72.04
76.50,71.95
77.62,71.92
78.75,71.92
79.89,71.97
81.05,72.00
82.23,72.01
83.43,72.08
84.64,72.01
85.87,71.92
87.12,71.91
88.39,71.92
89.67,71.89
90.98,71.89
92.30,71.85
93.64,71.92
95.01,71.96
96.39,72.00
97.79,72.06
99.21,71.94
100.66,71.94
102.12,71.90
103.61,71.81
105.11,71.90
106.64,71.96
108.19,71.97
109.77,71.98
111.36,72.04
112.98,72.12
114.63,72.15
116.29,72.01
117.98,71.97
119.70,71.99
121.44,71.95
123.21,71.95
125.00,71.85
126.82,71.89
128.66,71.93
130.53,72.00
132.43,71.97
134.36,71.91
136.31,71.83
138.30,71.82
140.31,71.83
142.35,71.73
144.42,71.66
146.52,71.64
148.65,71.66
150.81,71.58
153.01,71.55
155.23,71.49
157.49,71.43
159.78,71.36
162.10,71.21
164.46,71.20
166.85,71.04
169.28,70.95
171.74,70.69
174.24,70.61
176.78,70.50
179.35,70.37
181.96,70.18
184.60,69.94
187.29,69.85
190.01,69.67
192.78,69.53
195.58,69.46
198.43,69.28
201.31,69.09
204.24,68.92
207.21,68.79
210.22,68.69
213.28,68.63
216.38,68.48
219.53,68.28
222.72,68.21
225.96,68.07
229.25,67.82
232.59,67.57
235.97,67.35
239.40,67.15
242.88,67.01
246.42,66.78
250.00,66.65
253.64,66.31
257.33,66.06
261.07,65.79
264.87,65.65
268.72,65.34
272.63,65.15
276.59,64.87
280.62,64.68
284.70,64.44
288.84,64.28
293.04,64.09
297.30,63.90
301.63,63.73
306.01,63.69
310.46,63.66
314.98,63.58
319.56,63.43
324.21,63.47
328.93,63.49
333.71,63.56
338.56,63.64
343.49,63.67
348.48,63.83
353.55,63.94
358.70,64.02
363.91,64.19
369.21,64.35
374.58,64.41
380.03,64.55
385.55,64.67
391.16,64.82
396.85,65.07
402.62,65.28
408.48,65.48
414.42,65.69
420.45,65.85
426.56,66.15
432.77,66.39
439.06,66.63
445.45,66.87
451.93,67.04
458.50,67.18
465.17,67.34
471.94,67.47
478.80,67.64
485.77,67.83
492.83,67.96
500.00,68.14
507.27,68.27
514.65,68.54
522.14,68.64
529.73,68.84
537.44,69.03
545.25,69.25
553.18,69.41
561.23,69.50
569.39,69.54
577.68,69.74
586.08,69.82
594.60,69.93
603.25,70.09
612.03,70.13
620.93,70.28
629.96,70.48
639.12,70.57
648.42,70.61
657.85,70.72
667.42,70.81
677.13,70.85
686.98,70.99
696.97,71.11
707.11,71.22
717.39,71.33
727.83,71.45
738.41,71.56
749.15,71.68
760.05,71.81
771.11,71.94
782.32,72.03
793.70,72.12
805.25,72.19
816.96,72.29
828.84,72.41
840.90,72.41
853.13,72.44
865.54,72.42
878.13,72.44
890.90,72.43
903.86,72.44
917.00,72.39
930.34,72.40
943.87,72.45
957.60,72.42
971.53,72.41
985.66,72.49
1000.00,72.52
1014.55,72.56
1029.30,72.60
1044.27,72.66
1059.46,72.66
1074.87,72.71
1090.51,72.72
1106.37,72.78
1122.46,72.80
1138.79,72.91
1155.35,72.99
1172.16,73.04
1189.21,73.11
1206.50,73.18
1224.05,73.17
1241.86,73.18
1259.92,73.22
1278.25,73.22
1296.84,73.24
1315.70,73.29
1334.84,73.24
1354.26,73.24
1373.95,73.21
1393.94,73.16
1414.21,73.20
1434.78,73.23
1455.65,73.32
1476.83,73.28
1498.31,73.38
1520.10,73.30
1542.21,73.31
1564.64,73.33
1587.40,73.35
1610.49,73.39
1633.92,73.55
1657.68,73.70
1681.79,73.70
1706.26,73.84
1731.07,73.97
1756.25,74.06
1781.80,74.16
1807.71,74.26
1834.01,74.39
1860.68,74.44
1887.75,74.48
1915.21,74.56
1943.06,74.56
1971.33,74.63
2000.00,74.66
2029.09,74.73
2058.60,74.80
2088.55,74.90
2118.93,75.01
2149.75,75.11
2181.02,75.21
2212.74,75.28
2244.92,75.42
2277.58,75.49
2310.71,75.61
2344.32,75.69
2378.41,75.81
2413.01,75.96
2448.11,76.07
2483.72,76.27
2519.84,76.44
2556.49,76.59
2593.68,76.73
2631.41,76.88
2669.68,77.02
2708.51,77.17
2747.91,77.39
2787.88,77.53
2828.43,77.71
2869.57,77.89
2911.31,77.98
2953.65,78.12
2996.61,78.16
3040.20,78.24
3084.42,78.25
3129.29,78.20
3174.80,78.18
3220.98,78.06
3267.83,77.98
3315.36,77.92
3363.59,77.75
3412.51,77.59
3462.15,77.33
3512.50,77.01
3563.59,76.66
3615.43,76.29
3668.02,75.90
3721.37,75.46
3775.50,74.99
3830.41,74.54
3886.13,74.08
3942.65,73.74
4000.00,73.44
4058.18,73.17
4117.21,72.97
4177.10,72.80
4237.85,72.81
4299.49,72.93
4362.03,73.30
4425.48,73.81
4489.85,74.44
4555.15,75.33
4621.41,76.40
4688.63,77.77
4756.83,79.16
4826.02,80.43
4896.21,81.20
4967.43,81.43
5039.68,81.29
5112.99,80.84
5187.36,80.40
5262.81,79.86
5339.36,79.41
5417.02,78.92
5495.81,78.43
5575.75,77.97
5656.85,77.54
5739.14,77.05
5822.61,76.38
5907.30,75.70
5993.23,75.16
6080.40,74.77
6168.84,74.44
6258.57,74.29
6349.60,74.28
6441.96,74.36
6535.66,74.42
6630.73,74.51
6727.17,74.41
6825.02,74.04
6924.29,73.32
7025.01,72.43
7127.19,71.68
7230.86,71.33
7336.03,71.37
7442.74,71.64
7550.99,71.96
7660.83,72.22
7772.26,72.47
7885.31,72.69
8000.00,72.94
8116.36,73.17
8234.42,73.39
8354.19,73.59
8475.70,73.73
8598.99,73.87
8724.06,73.93
8850.96,73.92
8979.70,73.90
9110.31,73.81
9242.82,73.64
9377.26,73.47
9513.66,73.24
9652.04,73.02
9792.43,72.74
9934.86,72.33
10079.37,71.96
10225.98,71.68
10374.72,71.44
10525.62,71.42
10678.72,71.58
10834.04,71.76
10991.63,71.86
11151.51,71.95
11313.71,71.91
11478.27,71.50
11645.23,70.56
11814.61,69.24
11986.46,67.80
12160.80,66.39
12337.69,65.16
12517.14,64.15
12699.21,63.08
12883.92,62.02
13071.32,61.27
13261.45,60.86
13454.34,60.88
13650.04,61.32
13848.58,61.91
14050.02,62.27
14254.38,62.48
14461.71,62.73
14672.06,62.93
14885.47,63.11
15101.99,63.35
15321.65,63.50
15544.51,63.47
15770.61,63.27
16000.00,62.95
16232.73,62.63
16468.84,62.24
16708.38,61.75
16951.41,61.37
17197.97,61.25
17448.12,61.17
17701.91,60.89
17959.39,60.36
18220.62,59.61
18485.64,58.34
18754.52,56.55
19027.31,54.16
19304.07,50.72
19584.86,45.96
19869.72,40.23