19.13,-7.71
19.40,-7.62
19.69,-7.53
19.97,-7.44
20.26,-7.34
20.56,-7.25
20.86,-7.15
21.16,-7.05
21.47,-6.95
21.78,-6.85
22.10,-6.75
22.42,-6.64
22.74,-6.53
23.08,-6.42
23.41,-6.32
23.75,-6.20
24.10,-6.09
24.45,-5.98
24.80,-5.86
25.16,-5.75
25.53,-5.63
25.90,-5.51
26.28,-5.39
26.66,-5.27
27.05,-5.15
27.44,-5.03
27.84,-4.91
28.25,-4.79
28.66,-4.67
29.07,-4.54
29.50,-4.42
29.93,-4.29
30.36,-4.17
30.80,-4.04
31.25,-3.92
31.70,-3.79
32.17,-3.67
32.63,-3.54
33.11,-3.42
33.59,-3.29
34.08,-3.17
34.57,-3.04
35.08,-2.92
35.59,-2.79
36.10,-2.67
36.63,-2.54
37.16,-2.42
37.70,-2.30
38.25,-2.18
38.81,-2.06
39.37,-1.94
39.95,-1.82
40.53,-1.70
41.12,-1.58
41.71,-1.46
42.32,-1.35
42.94,-1.23
43.56,-1.12
44.19,-1.00
44.84,-0.89
45.49,-0.78
46.15,-0.67
46.82,-0.56
47.50,-0.46
48.19,-0.35
48.90,-0.25
49.61,-0.15
50.33,-0.04
51.06,0.05
51.80,0.15
52.56,0.25
53.32,0.34
54.10,0.44
54.88,0.53
55.68,0.62
56.49,0.70
57.31,0.79
58.15,0.87
58.99,0.95
59.85,1.03
60.72,1.11
61.60,1.19
62.50,1.26
63.41,1.33
64.33,1.40
65.27,1.47
66.22,1.54
67.18,1.60
68.16,1.66
69.15,1.72
70.15,1.78
71.17,1.83
72.21,1.88
73.26,1.93
74.33,1.98
75.41,2.03
76.50,2.07
77.62,2.11
78.75,2.15
79.89,2.19
81.05,2.22
82.23,2.25
83.43,2.28
84.64,2.31
85.87,2.33
87.12,2.35
88.39,2.38
89.67,2.39
90.98,2.41
92.30,2.42
93.64,2.43
95.01,2.44
96.39,2.45
97.79,2.45
99.21,2.45
100.66,2.45
102.12,2.45
103.61,2.45
105.11,2.44
106.64,2.43
108.19,2.42
109.77,2.41
111.36,2.40
112.98,2.38
114.63,2.36
116.29,2.34
117.98,2.32
119.70,2.30
121.44,2.27
123.21,2.24
125.00,2.21
126.82,2.18
128.66,2.15
130.53,2.12
132.43,2.08
134.36,2.04
136.31,2.00
138.30,1.96
140.31,1.92
142.35,1.88
144.42,1.84
146.52,1.79
148.65,1.75
150.81,1.70
153.01,1.65
155.23,1.60
157.49,1.55
159.78,1.50
162.10,1.45
164.46,1.40
166.85,1.35
169.28,1.30
171.74,1.25
174.24,1.19
176.78,1.14
179.35,1.09
181.96,1.04
184.60,0.99
187.29,0.94
190.01,0.89
192.78,0.84
195.58,0.80
198.43,0.75
201.31,0.71
204.24,0.67
207.21,0.63
210.22,0.59
213.28,0.55
216.38,0.52
219.53,0.49
222.72,0.46
225.96,0.43
229.25,0.41
232.59,0.39
235.97,0.37
239.40,0.35
242.88,0.34
246.42,0.32
250.00,0.31
253.64,0.31
257.33,0.30
261.07,0.29
264.87,0.29
268.72,0.29
272.63,0.29
276.59,0.29
280.62,0.29
284.70,0.30
288.84,0.30
293.04,0.31
297.30,0.32
301.63,0.32
306.01,0.33
310.46,0.34
314.98,0.35
319.56,0.36
324.21,0.37
328.93,0.38
333.71,0.39
338.56,0.40
343.49,0.41
348.48,0.42
353.55,0.43
358.70,0.45
363.91,0.46
369.21,0.47
374.58,0.48
380.03,0.49
385.55,0.51
391.16,0.52
396.85,0.53
402.62,0.55
408.48,0.56
414.42,0.57
420.45,0.59
426.56,0.60
432.77,0.61
439.06,0.63
445.45,0.64
451.93,0.66
458.50,0.67
465.17,0.69
471.94,0.71
478.80,0.72
485.77,0.74
492.83,0.76
500.00,0.77
507.27,0.79
514.65,0.81
522.14,0.83
529.73,0.85
537.44,0.87
545.25,0.89
553.18,0.91
561.23,0.94
569.39,0.96
577.68,0.98
586.08,1.01
594.60,1.03
603.25,1.06
612.03,1.09
620.93,1.11
629.96,1.14
639.12,1.17
648.42,1.20
657.85,1.23
667.42,1.27
677.13,1.30
686.98,1.33
696.97,1.37
707.11,1.40
717.39,1.44
727.83,1.48
738.41,1.52
749.15,1.56
760.05,1.60
771.11,1.64
782.32,1.69
793.70,1.74
805.25,1.78
816.96,1.83
828.84,1.88
840.90,1.93
853.13,1.98
865.54,2.04
878.13,2.09
890.90,2.15
903.86,2.21
917.00,2.27
930.34,2.33
943.87,2.40
957.60,2.46
971.53,2.53
985.66,2.59
1000.00,2.66
1014.55,2.73
1029.30,2.81
1044.27,2.88
1059.46,2.96
1074.87,3.03
1090.51,3.11
1106.37,3.19
1122.46,3.27
1138.79,3.35
1155.35,3.43
1172.16,3.51
1189.21,3.59
1206.50,3.67
1224.05,3.75
1241.86,3.83
1259.92,3.91
1278.25,3.99
1296.84,4.07
1315.70,4.14
1334.84,4.22
1354.26,4.29
1373.95,4.36
1393.94,4.43
1414.21,4.49
1434.78,4.56
1455.65,4.61
1476.83,4.67
1498.31,4.72
1520.10,4.77
1542.21,4.81
1564.64,4.85
1587.40,4.89
1610.49,4.92
1633.92,4.94
1657.68,4.97
1681.79,4.98
1706.26,5.00
1731.07,5.00
1756.25,5.01
1781.80,5.00
1807.71,5.00
1834.01,4.99
1860.68,4.97
1887.75,4.95
1915.21,4.92
1943.06,4.89
1971.33,4.86
2000.00,4.83
2029.09,4.80
2058.60,4.78
2088.55,4.78
2118.93,4.79
2149.75,4.84
2181.02,4.92
2212.74,5.03
2244.92,5.19
2277.58,5.39
2310.71,5.62
2344.32,5.88
2378.41,6.17
2413.01,6.48
2448.11,6.80
2483.72,7.14
2519.84,7.50
2556.49,7.88
2593.68,8.26
2631.41,8.66
2669.68,9.06
2708.51,9.46
2747.91,9.86
2787.88,10.24
2828.43,10.59
2869.57,10.90
2911.31,11.15
2953.65,11.34
2996.61,11.46
3040.20,11.52
3084.42,11.51
3129.29,11.44
3174.80,11.33
3220.98,11.19
3267.83,11.04
3315.36,10.89
3363.59,10.75
3412.51,10.63
3462.15,10.53
3512.50,10.46
3563.59,10.43
3615.43,10.42
3668.02,10.45
3721.37,10.50
3775.50,10.58
3830.41,10.68
3886.13,10.78
3942.65,10.89
4000.00,10.99
4058.18,11.08
4117.21,11.14
4177.10,11.16
4237.85,11.14
4299.49,11.07
4362.03,10.96
4425.48,10.81
4489.85,10.62
4555.15,10.41
4621.41,10.18
4688.63,9.96
4756.83,9.74
4826.02,9.55
4896.21,9.39
4967.43,9.27
5039.68,9.19
5112.99,9.17
5187.36,9.21
5262.81,9.30
5339.36,9.43
5417.02,9.60
5495.81,9.80
5575.75,10.00
5656.85,10.17
5739.14,10.29
5822.61,10.32
5907.30,10.24
5993.23,10.03
6080.40,9.70
6168.84,9.25
6258.57,8.72
6349.60,8.13
6441.96,7.51
6535.66,6.91
6630.73,6.35
6727.17,5.85
6825.02,5.43
6924.29,5.09
7025.01,4.84
7127.19,4.69
7230.86,4.62
7336.03,4.64
7442.74,4.75
7550.99,4.92
7660.83,5.17
7772.26,5.47
7885.31,5.82
8000.00,6.18
8116.36,6.55
8234.42,6.89
8354.19,7.16
8475.70,7.33
8598.99,7.37
8724.06,7.24
8850.96,6.94
8979.70,6.48
9110.31,5.86
9242.82,5.11
9377.26,4.25
9513.66,3.28
9652.04,2.19
9792.43,0.96
9934.86,-0.45
10079.37,-2.09
10225.98,-3.99
10374.72,-6.14
10525.62,-8.34
10678.72,-10.15
10834.04,-11.00
10991.63,-10.62
11151.51,-9.30
11313.71,-7.66
11478.27,-6.16
11645.23,-5.00
11814.61,-4.24
11986.46,-3.84
12160.80,-3.83
12337.69,-4.23
12517.14,-5.19
12699.21,-6.85
12883.92,-8.98
13071.32,-10.08
13261.45,-8.87
13454.34,-6.86
13650.04,-5.44
13848.58,-4.75
14050.02,-4.57
14254.38,-4.78
14461.71,-5.26
14672.06,-5.99
14885.47,-6.90
15101.99,-7.88
15321.65,-8.74
15544.51,-9.23
15770.61,-9.14
16000.00,-8.45
16232.73,-7.37
16468.84,-6.20
16708.38,-5.12
16951.41,-4.26
17197.97,-3.63
17448.12,-3.23
17701.91,-3.06
17959.39,-3.15
18220.62,-3.56
18485.64,-4.32
18754.52,-5.27
19027.31,-5.65
19304.07,-4.75
19584.86,-3.30
19869.72,-2.14