19.13,-4.74
19.40,-4.67
19.69,-4.60
19.97,-4.52
20.26,-4.44
20.56,-4.35
20.86,-4.26
21.16,-4.17
21.47,-4.07
21.78,-3.97
22.10,-3.86
22.42,-3.75
22.74,-3.64
23.08,-3.52
23.41,-3.40
23.75,-3.27
24.10,-3.14
24.45,-3.01
24.80,-2.87
25.16,-2.73
25.53,-2.59
25.90,-2.45
26.28,-2.30
26.66,-2.14
27.05,-1.99
27.44,-1.83
27.84,-1.67
28.25,-1.50
28.66,-1.33
29.07,-1.17
29.50,-0.99
29.93,-0.82
30.36,-0.64
30.80,-0.46
31.25,-0.28
31.70,-0.10
32.17,0.08
32.63,0.27
33.11,0.46
33.59,0.64
34.08,0.83
34.57,1.02
35.08,1.21
35.59,1.41
36.10,1.60
36.63,1.79
37.16,1.98
37.70,2.17
38.25,2.36
38.81,2.55
39.37,2.74
39.95,2.93
40.53,3.12
41.12,3.30
41.71,3.49
42.32,3.67
42.94,3.85
43.56,4.03
44.19,4.21
44.84,4.38
45.49,4.55
46.15,4.72
46.82,4.89
47.50,5.05
48.19,5.21
48.90,5.36
49.61,5.52
50.33,5.66
51.06,5.81
51.80,5.95
52.56,6.09
53.32,6.22
54.10,6.34
54.88,6.47
55.68,6.59
56.49,6.70
57.31,6.81
58.15,6.91
58.99,7.01
59.85,7.10
60.72,7.19
61.60,7.27
62.50,7.35
63.41,7.42
64.33,7.49
65.27,7.55
66.22,7.61
67.18,7.66
68.16,7.70
69.15,7.74
70.15,7.78
71.17,7.80
72.21,7.83
73.26,7.84
74.33,7.86
75.41,7.86
76.50,7.87
77.62,7.86
78.75,7.86
79.89,7.84
81.05,7.82
82.23,7.80
83.43,7.77
84.64,7.74
85.87,7.70
87.12,7.66
88.39,7.62
89.67,7.57
90.98,7.51
92.30,7.45
93.64,7.39
95.01,7.33
96.39,7.26
97.79,7.18
99.21,7.11
100.66,7.03
102.12,6.95
103.61,6.86
105.11,6.77
106.64,6.68
108.19,6.59
109.77,6.49
111.36,6.39
112.98,6.29
114.63,6.19
116.29,6.08
117.98,5.98
119.70,5.87
121.44,5.76
123.21,5.65
125.00,5.54
126.82,5.42
128.66,5.31
130.53,5.20
132.43,5.08
134.36,4.96
136.31,4.85
138.30,4.73
140.31,4.61
142.35,4.50
144.42,4.38
146.52,4.26
148.65,4.14
150.81,4.03
153.01,3.91
155.23,3.80
157.49,3.68
159.78,3.57
162.10,3.45
164.46,3.34
166.85,3.23
169.28,3.12
171.74,3.01
174.24,2.90
176.78,2.80
179.35,2.69
181.96,2.59
184.60,2.49
187.29,2.39
190.01,2.30
192.78,2.21
195.58,2.12
198.43,2.04
201.31,1.96
204.24,1.90
207.21,1.84
210.22,1.80
213.28,1.78
216.38,1.78
219.53,1.81
222.72,1.87
225.96,1.98
229.25,2.13
232.59,2.33
235.97,2.57
239.40,2.83
242.88,3.08
246.42,3.30
250.00,3.45
253.64,3.50
257.33,3.46
261.07,3.32
264.87,3.11
268.72,2.87
272.63,2.61
276.59,2.36
280.62,2.12
284.70,1.90
288.84,1.71
293.04,1.55
297.30,1.40
301.63,1.28
306.01,1.18
310.46,1.09
314.98,1.01
319.56,0.94
324.21,0.89
328.93,0.84
333.71,0.80
338.56,0.76
343.49,0.73
348.48,0.71
353.55,0.69
358.70,0.67
363.91,0.66
369.21,0.65
374.58,0.64
380.03,0.64
385.55,0.63
391.16,0.63
396.85,0.63
402.62,0.64
408.48,0.64
414.42,0.65
420.45,0.66
426.56,0.67
432.77,0.68
439.06,0.69
445.45,0.71
451.93,0.73
458.50,0.74
465.17,0.76
471.94,0.78
478.80,0.81
485.77,0.83
492.83,0.85
500.00,0.88
507.27,0.90
514.65,0.93
522.14,0.96
529.73,0.98
537.44,1.01
545.25,1.04
553.18,1.07
561.23,1.09
569.39,1.12
577.68,1.14
586.08,1.17
594.60,1.19
603.25,1.21
612.03,1.23
620.93,1.25
629.96,1.26
639.12,1.28
648.42,1.29
657.85,1.30
667.42,1.31
677.13,1.32
686.98,1.33
696.97,1.34
707.11,1.35
717.39,1.36
727.83,1.38
738.41,1.40
749.15,1.43
760.05,1.47
771.11,1.53
782.32,1.61
793.70,1.70
805.25,1.83
816.96,1.98
828.84,2.16
840.90,2.37
853.13,2.62
865.54,2.89
878.13,3.18
890.90,3.50
903.86,3.83
917.00,4.17
930.34,4.52
943.87,4.86
957.60,5.19
971.53,5.51
985.66,5.80
1000.00,6.07
1014.55,6.30
1029.30,6.49
1044.27,6.64
1059.46,6.74
1074.87,6.79
1090.51,6.79
1106.37,6.74
1122.46,6.65
1138.79,6.52
1155.35,6.36
1172.16,6.17
1189.21,5.97
1206.50,5.78
1224.05,5.61
1241.86,5.48
1259.92,5.42
1278.25,5.44
1296.84,5.53
1315.70,5.68
1334.84,5.84
1354.26,6.00
1373.95,6.12
1393.94,6.17
1414.21,6.16
1434.78,6.08
1455.65,5.94
1476.83,5.76
1498.31,5.54
1520.10,5.32
1542.21,5.09
1564.64,4.86
1587.40,4.65
1610.49,4.46
1633.92,4.28
1657.68,4.12
1681.79,3.98
1706.26,3.86
1731.07,3.76
1756.25,3.67
1781.80,3.60
1807.71,3.54
1834.01,3.50
1860.68,3.48
1887.75,3.46
1915.21,3.46
1943.06,3.47
1971.33,3.49
2000.00,3.53
2029.09,3.57
2058.60,3.63
2088.55,3.70
2118.93,3.78
2149.75,3.88
2181.02,3.98
2212.74,4.10
2244.92,4.23
2277.58,4.37
2310.71,4.53
2344.32,4.69
2378.41,4.87
2413.01,5.05
2448.11,5.23
2483.72,5.40
2519.84,5.57
2556.49,5.72
2593.68,5.84
2631.41,5.94
2669.68,6.01
2708.51,6.06
2747.91,6.08
2787.88,6.08
2828.43,6.06
2869.57,6.05
2911.31,6.03
2953.65,6.02
2996.61,6.03
3040.20,6.05
3084.42,6.10
3129.29,6.17
3174.80,6.24
3220.98,6.26
3267.83,6.21
3315.36,6.12
3363.59,6.04
3412.51,5.99
3462.15,5.99
3512.50,6.05
3563.59,6.14
3615.43,6.25
3668.02,6.35
3721.37,6.39
3775.50,6.33
3830.41,6.18
3886.13,5.94
3942.65,5.67
4000.00,5.40
4058.18,5.17
4117.21,5.01
4177.10,4.89
4237.85,4.82
4299.49,4.78
4362.03,4.78
4425.48,4.80
4489.85,4.86
4555.15,4.94
4621.41,5.05
4688.63,5.19
4756.83,5.35
4826.02,5.54
4896.21,5.75
4967.43,5.97
5039.68,6.20
5112.99,6.45
5187.36,6.69
5262.81,6.92
5339.36,7.14
5417.02,7.34
5495.81,7.50
5575.75,7.65
5656.85,7.76
5739.14,7.86
5822.61,7.94
5907.30,8.03
5993.23,8.14
6080.40,8.27
6168.84,8.45
6258.57,8.67
6349.60,8.92
6441.96,9.18
6535.66,9.41
6630.73,9.56
6727.17,9.56
6825.02,9.37
6924.29,8.96
7025.01,8.35
7127.19,7.58
7230.86,6.71
7336.03,5.80
7442.74,4.89
7550.99,4.03
7660.83,3.21
7772.26,2.45
7885.31,1.75
8000.00,1.11
8116.36,0.52
8234.42,-0.02
8354.19,-0.52
8475.70,-1.03
8598.99,-1.66
8724.06,-2.40
8850.96,-3.18
8979.70,-3.96
9110.31,-4.77
9242.82,-5.61
9377.26,-6.50
9513.66,-7.44
9652.04,-8.42
9792.43,-9.41
9934.86,-10.36
10079.37,-11.18
10225.98,-11.78
10374.72,-12.05
10525.62,-11.93
10678.72,-11.37
10834.04,-10.42
10991.63,-9.13
11151.51,-7.62
11313.71,-6.02
11478.27,-4.52
11645.23,-3.34
11814.61,-2.69
11986.46,-2.65
12160.80,-3.13
12337.69,-3.91
12517.14,-4.80
12699.21,-5.67
12883.92,-6.50
13071.32,-7.27
13261.45,-7.99
13454.34,-8.68
13650.04,-9.35
13848.58,-10.02
14050.02,-10.67
14254.38,-11.32
14461.71,-11.96
14672.06,-12.56
14885.47,-13.13
15101.99,-13.63
15321.65,-14.04
15544.51,-14.34
15770.61,-14.51
16000.00,-14.54
16232.73,-14.42
16468.84,-14.17
16708.38,-13.80
16951.41,-13.36
17197.97,-12.91
17448.12,-12.50
17701.91,-12.23
17959.39,-12.20
18220.62,-12.56
18485.64,-13.54
18754.52,-15.41
19027.31,-18.30
19304.07,-21.28
19584.86,-21.46
19869.72,-17.43