19.13,96.40
19.40,96.47
19.69,96.54
19.97,96.61
20.26,96.68
20.56,97.17
20.86,97.24
21.16,97.31
21.47,97.37
21.78,97.57
22.10,97.93
22.42,98.00
22.74,98.07
23.08,98.30
23.41,98.38
23.75,98.60
24.10,98.66
24.45,98.87
24.80,98.95
25.16,99.01
25.53,99.31
25.90,99.37
26.28,99.44
26.66,99.55
27.05,99.61
27.44,99.76
27.84,99.82
28.25,99.87
28.66,99.94
29.07,100.10
29.50,100.04
29.93,100.10
30.36,100.16
30.80,100.33
31.25,100.40
31.70,100.45
32.17,100.68
32.63,100.74
33.11,100.73
33.59,100.78
34.08,100.82
34.57,100.91
35.08,100.97
35.59,100.92
36.10,100.97
36.63,101.03
37.16,101.03
37.70,101.04
38.25,101.17
38.81,101.23
39.37,101.23
39.95,101.28
40.53,101.34
41.12,101.34
41.71,101.40
42.32,101.57
42.94,101.62
43.56,101.57
44.19,101.59
44.84,101.58
45.49,101.63
46.15,101.59
46.82,101.64
47.50,101.54
48.19,101.59
48.90,101.57
49.61,101.52
50.33,101.57
51.06,101.61
51.80,101.66
52.56,101.68
53.32,101.69
54.10,101.74
54.88,101.66
55.68,101.71
56.49,101.70
57.31,101.70
58.15,101.71
58.99,101.63
59.85,101.42
60.72,101.46
61.60,101.45
62.50,101.49
63.41,101.37
64.33,101.48
65.27,101.49
66.22,101.51
67.18,101.49
68.16,101.47
69.15,101.42
70.15,101.38
71.17,101.34
72.21,101.34
73.26,101.27
74.33,101.22
75.41,101.17
76.50,101.07
77.62,101.01
78.75,101.01
79.89,101.03
81.05,101.04
82.23,101.02
83.43,101.07
84.64,100.95
85.87,100.82
87.12,100.76
88.39,100.71
89.67,100.64
90.98,100.57
92.30,100.47
93.64,100.48
95.01,100.45
96.39,100.40
97.79,100.40
99.21,100.23
100.66,100.17
102.12,100.04
103.61,99.86
105.11,99.87
106.64,99.85
108.19,99.78
109.77,99.70
111.36,99.68
112.98,99.68
114.63,99.65
116.29,99.44
117.98,99.33
119.70,99.27
121.44,99.16
123.21,99.08
125.00,98.93
126.82,98.87
128.66,98.86
130.53,98.87
132.43,98.80
134.36,98.70
136.31,98.59
138.30,98.53
140.31,98.49
142.35,98.36
144.42,98.24
146.52,98.19
148.65,98.21
150.81,98.11
153.01,98.07
155.23,98.00
157.49,97.94
159.78,97.89
162.10,97.76
164.46,97.74
166.85,97.62
169.28,97.55
171.74,97.34
174.24,97.29
176.78,97.22
179.35,97.13
181.96,96.97
184.60,96.76
187.29,96.67
190.01,96.54
192.78,96.44
195.58,96.38
198.43,96.24
201.31,96.07
204.24,95.98
207.21,95.91
210.22,95.89
213.28,95.87
216.38,95.79
219.53,95.69
222.72,95.71
225.96,95.68
229.25,95.59
232.59,95.49
235.97,95.44
239.40,95.37
242.88,95.39
246.42,95.34
250.00,95.30
253.64,95.16
257.33,95.06
261.07,94.99
264.87,94.95
268.72,94.84
272.63,94.76
276.59,94.64
280.62,94.53
284.70,94.42
288.84,94.35
293.04,94.20
297.30,94.12
301.63,94.00
306.01,93.97
310.46,93.90
314.98,93.79
319.56,93.62
324.21,93.56
328.93,93.50
333.71,93.42
338.56,93.37
343.49,93.26
348.48,93.25
353.55,93.14
358.70,93.02
363.91,92.96
369.21,92.87
374.58,92.67
380.03,92.55
385.55,92.42
391.16,92.29
396.85,92.26
402.62,92.18
408.48,92.08
414.42,92.00
420.45,91.88
426.56,91.89
432.77,91.88
439.06,91.85
445.45,91.84
451.93,91.78
458.50,91.66
465.17,91.57
471.94,91.46
478.80,91.38
485.77,91.31
492.83,91.20
500.00,91.13
507.27,91.02
514.65,90.98
522.14,90.83
529.73,90.78
537.44,90.72
545.25,90.70
553.18,90.66
561.23,90.52
569.39,90.36
577.68,90.35
586.08,90.26
594.60,90.19
603.25,90.18
612.03,90.05
620.93,90.05
629.96,90.10
639.12,90.05
648.42,89.95
657.85,89.95
667.42,89.94
677.13,89.85
686.98,89.85
696.97,89.85
707.11,89.85
717.39,89.83
727.83,89.81
738.41,89.79
749.15,89.78
760.05,89.77
771.11,89.77
782.32,89.74
793.70,89.71
805.25,89.70
816.96,89.70
828.84,89.76
840.90,89.72
853.13,89.74
865.54,89.71
878.13,89.76
890.90,89.77
903.86,89.81
917.00,89.81
930.34,89.86
943.87,89.95
957.60,89.97
971.53,90.01
985.66,90.11
1000.00,90.17
1014.55,90.24
1029.30,90.33
1044.27,90.43
1059.46,90.47
1074.87,90.58
1090.51,90.66
1106.37,90.76
1122.46,90.83
1138.79,90.99
1155.35,91.11
1172.16,91.21
1189.21,91.35
1206.50,91.47
1224.05,91.55
1241.86,91.66
1259.92,91.80
1278.25,91.92
1296.84,92.06
1315.70,92.24
1334.84,92.34
1354.26,92.48
1373.95,92.61
1393.94,92.71
1414.21,92.91
1434.78,93.08
1455.65,93.32
1476.83,93.44
1498.31,93.68
1520.10,93.77
1542.21,93.96
1564.64,94.16
1587.40,94.34
1610.49,94.55
1633.92,94.86
1657.68,95.15
1681.79,95.30
1706.26,95.57
1731.07,95.85
1756.25,96.09
1781.80,96.34
1807.71,96.59
1834.01,96.89
1860.68,97.11
1887.75,97.33
1915.21,97.56
1943.06,97.75
1971.33,98.00
2000.00,98.23
2029.09,98.51
2058.60,98.81
2088.55,99.14
2118.93,99.51
2149.75,99.84
2181.02,100.18
2212.74,100.47
2244.92,100.83
2277.58,101.12
2310.71,101.47
2344.32,101.81
2378.41,102.19
2413.01,102.58
2448.11,102.94
2483.72,103.37
2519.84,103.79
2556.49,104.16
2593.68,104.49
2631.41,104.82
2669.68,105.08
2708.51,105.30
2747.91,105.52
2787.88,105.61
2828.43,105.67
2869.57,105.71
2911.31,105.63
2953.65,105.56
2996.61,105.40
3040.20,105.26
3084.42,105.07
3129.29,104.83
3174.80,104.64
3220.98,104.35
3267.83,104.14
3315.36,103.98
3363.59,103.79
3412.51,103.65
3462.15,103.51
3512.50,103.36
3563.59,103.25
3615.43,103.18
3668.02,103.11
3721.37,103.02
3775.50,102.96
3830.41,102.93
3886.13,102.91
3942.65,102.97
4000.00,103.02
4058.18,103.05
4117.21,103.09
4177.10,103.07
4237.85,103.10
4299.49,103.10
4362.03,103.13
4425.48,103.07
4489.85,102.87
4555.15,102.66
4621.41,102.32
4688.63,102.03
4756.83,101.71
4826.02,101.38
4896.21,100.95
4967.43,100.47
5039.68,100.01
5112.99,99.50
5187.36,99.09
5262.81,98.65
5339.36,98.28
5417.02,97.89
5495.81,97.51
5575.75,97.20
5656.85,96.95
5739.14,96.73
5822.61,96.43
5907.30,96.20
5993.23,96.09
6080.40,96.07
6168.84,96.00
6258.57,96.01
6349.60,96.07
6441.96,96.22
6535.66,96.35
6630.73,96.61
6727.17,96.87
6825.02,97.21
6924.29,97.58
7025.01,98.00
7127.19,98.46
7230.86,99.02
7336.03,99.67
7442.74,100.39
7550.99,101.10
7660.83,101.73
7772.26,102.24
7885.31,102.58
8000.00,102.68
8116.36,102.54
8234.42,102.05
8354.19,101.40
8475.70,100.62
8598.99,99.83
8724.06,99.05
8850.96,98.33
8979.70,97.76
9110.31,97.30
9242.82,96.91
9377.26,96.66
9513.66,96.45
9652.04,96.44
9792.43,96.61
9934.86,96.91
10079.37,97.37
10225.98,97.96
10374.72,98.42
10525.62,98.84
10678.72,99.09
10834.04,98.70
10991.63,97.69
11151.51,96.34
11313.71,94.92
11478.27,93.58
11645.23,92.26
11814.61,91.14
11986.46,90.25
12160.80,89.47
12337.69,88.74
12517.14,88.10
12699.21,87.44
12883.92,86.76
13071.32,86.18
13261.45,85.46
13454.34,84.63
13650.04,83.97
13848.58,83.45
14050.02,82.80
14254.38,82.15
14461.71,81.64
14672.06,81.09
14885.47,80.40
15101.99,79.55
15321.65,78.58
15544.51,77.48
15770.61,76.25
16000.00,74.96
16232.73,73.73
16468.84,72.62
16708.38,71.68
16951.41,70.94
17197.97,70.55
17448.12,70.41
17701.91,70.60
17959.39,71.14
18220.62,71.73
18485.64,72.32
18754.52,72.98
19027.31,73.42
19304.07,73.19
19584.86,72.26
19869.72,70.39