19.13,93.78
19.40,93.85
19.69,93.92
19.97,93.99
20.26,94.06
20.56,94.26
20.86,94.33
21.16,94.41
21.47,94.48
21.78,94.60
22.10,94.79
22.42,94.85
22.74,94.92
23.08,95.13
23.41,95.20
23.75,95.42
24.10,95.49
24.45,95.73
24.80,95.80
25.16,95.87
25.53,96.14
25.90,96.20
26.28,96.27
26.66,96.38
27.05,96.45
27.44,96.59
27.84,96.66
28.25,96.69
28.66,96.74
29.07,96.91
29.50,96.81
29.93,96.87
30.36,96.93
30.80,97.05
31.25,97.11
31.70,97.17
32.17,97.38
32.63,97.44
33.11,97.45
33.59,97.50
34.08,97.54
34.57,97.64
35.08,97.70
35.59,97.67
36.10,97.72
36.63,97.78
37.16,97.85
37.70,97.84
38.25,97.98
38.81,98.04
39.37,98.05
39.95,98.10
40.53,98.16
41.12,98.19
41.71,98.25
42.32,98.47
42.94,98.52
43.56,98.51
44.19,98.56
44.84,98.57
45.49,98.62
46.15,98.63
46.82,98.69
47.50,98.59
48.19,98.64
48.90,98.59
49.61,98.56
50.33,98.61
51.06,98.66
51.80,98.71
52.56,98.74
53.32,98.77
54.10,98.82
54.88,98.77
55.68,98.82
56.49,98.87
57.31,98.87
58.15,98.92
58.99,98.85
59.85,98.67
60.72,98.72
61.60,98.72
62.50,98.79
63.41,98.68
64.33,98.85
65.27,98.89
66.22,98.96
67.18,98.97
68.16,98.99
69.15,98.98
70.15,98.95
71.17,98.93
72.21,98.95
73.26,98.91
74.33,98.88
75.41,98.85
76.50,98.79
77.62,98.78
78.75,98.79
79.89,98.84
81.05,98.90
82.23,98.93
83.43,98.98
84.64,98.91
85.87,98.83
87.12,98.80
88.39,98.78
89.67,98.75
90.98,98.75
92.30,98.68
93.64,98.71
95.01,98.72
96.39,98.73
97.79,98.77
99.21,98.64
100.66,98.59
102.12,98.49
103.61,98.36
105.11,98.36
106.64,98.38
108.19,98.34
109.77,98.31
111.36,98.30
112.98,98.33
114.63,98.33
116.29,98.17
117.98,98.10
119.70,98.09
121.44,98.05
123.21,98.00
125.00,97.89
126.82,97.89
128.66,97.90
130.53,97.95
132.43,97.91
134.36,97.85
136.31,97.78
138.30,97.76
140.31,97.76
142.35,97.64
144.42,97.55
146.52,97.55
148.65,97.59
150.81,97.51
153.01,97.50
155.23,97.48
157.49,97.46
159.78,97.46
162.10,97.38
164.46,97.38
166.85,97.30
169.28,97.25
171.74,97.09
174.24,97.07
176.78,97.05
179.35,96.98
181.96,96.84
184.60,96.66
187.29,96.61
190.01,96.51
192.78,96.41
195.58,96.38
198.43,96.26
201.31,96.14
204.24,96.08
207.21,96.04
210.22,96.06
213.28,96.05
216.38,96.01
219.53,95.92
222.72,95.96
225.96,95.93
229.25,95.87
232.59,95.82
235.97,95.80
239.40,95.76
242.88,95.79
246.42,95.75
250.00,95.73
253.64,95.61
257.33,95.49
261.07,95.44
264.87,95.45
268.72,95.39
272.63,95.30
276.59,95.20
280.62,95.12
284.70,95.00
288.84,94.96
293.04,94.84
297.30,94.81
301.63,94.73
306.01,94.67
310.46,94.60
314.98,94.52
319.56,94.37
324.21,94.35
328.93,94.29
333.71,94.26
338.56,94.24
343.49,94.13
348.48,94.11
353.55,94.02
358.70,93.88
363.91,93.86
369.21,93.79
374.58,93.62
380.03,93.49
385.55,93.37
391.16,93.25
396.85,93.20
402.62,93.13
408.48,93.06
414.42,93.02
420.45,92.91
426.56,92.87
432.77,92.84
439.06,92.82
445.45,92.82
451.93,92.75
458.50,92.65
465.17,92.56
471.94,92.45
478.80,92.38
485.77,92.32
492.83,92.22
500.00,92.16
507.27,92.03
514.65,92.01
522.14,91.86
529.73,91.83
537.44,91.78
545.25,91.75
553.18,91.72
561.23,91.59
569.39,91.45
577.68,91.44
586.08,91.32
594.60,91.25
603.25,91.26
612.03,91.14
620.93,91.12
629.96,91.17
639.12,91.12
648.42,91.02
657.85,91.04
667.42,91.00
677.13,90.91
686.98,90.91
696.97,90.91
707.11,90.92
717.39,90.90
727.83,90.88
738.41,90.86
749.15,90.87
760.05,90.87
771.11,90.87
782.32,90.84
793.70,90.83
805.25,90.81
816.96,90.83
828.84,90.87
840.90,90.81
853.13,90.80
865.54,90.76
878.13,90.77
890.90,90.74
903.86,90.76
917.00,90.76
930.34,90.81
943.87,90.89
957.60,90.94
971.53,90.97
985.66,91.10
1000.00,91.19
1014.55,91.26
1029.30,91.35
1044.27,91.43
1059.46,91.48
1074.87,91.57
1090.51,91.63
1106.37,91.73
1122.46,91.79
1138.79,91.91
1155.35,91.99
1172.16,92.03
1189.21,92.11
1206.50,92.20
1224.05,92.24
1241.86,92.33
1259.92,92.49
1278.25,92.62
1296.84,92.76
1315.70,92.94
1334.84,93.06
1354.26,93.20
1373.95,93.32
1393.94,93.42
1414.21,93.60
1434.78,93.75
1455.65,93.99
1476.83,94.05
1498.31,94.28
1520.10,94.33
1542.21,94.51
1564.64,94.68
1587.40,94.83
1610.49,95.00
1633.92,95.30
1657.68,95.56
1681.79,95.66
1706.26,95.92
1731.07,96.16
1756.25,96.39
1781.80,96.62
1807.71,96.85
1834.01,97.10
1860.68,97.30
1887.75,97.48
1915.21,97.69
1943.06,97.84
1971.33,98.05
2000.00,98.24
2029.09,98.44
2058.60,98.69
2088.55,98.97
2118.93,99.28
2149.75,99.57
2181.02,99.86
2212.74,100.10
2244.92,100.39
2277.58,100.62
2310.71,100.92
2344.32,101.20
2378.41,101.53
2413.01,101.85
2448.11,102.13
2483.72,102.49
2519.84,102.83
2556.49,103.15
2593.68,103.47
2631.41,103.80
2669.68,104.06
2708.51,104.31
2747.91,104.59
2787.88,104.76
2828.43,104.90
2869.57,105.05
2911.31,105.10
2953.65,105.15
2996.61,105.11
3040.20,105.08
3084.42,105.00
3129.29,104.85
3174.80,104.70
3220.98,104.45
3267.83,104.26
3315.36,104.09
3363.59,103.89
3412.51,103.72
3462.15,103.51
3512.50,103.29
3563.59,103.11
3615.43,102.93
3668.02,102.75
3721.37,102.55
3775.50,102.38
3830.41,102.24
3886.13,102.12
3942.65,102.09
4000.00,102.04
4058.18,102.02
4117.21,102.03
4177.10,101.98
4237.85,102.06
4299.49,102.13
4362.03,102.32
4425.48,102.46
4489.85,102.55
4555.15,102.71
4621.41,102.81
4688.63,103.01
4756.83,103.21
4826.02,103.47
4896.21,103.62
4967.43,103.71
5039.68,103.77
5112.99,103.74
5187.36,103.73
5262.81,103.61
5339.36,103.47
5417.02,103.22
5495.81,102.91
5575.75,102.59
5656.85,102.28
5739.14,101.93
5822.61,101.48
5907.30,101.06
5993.23,100.74
6080.40,100.51
6168.84,100.23
6258.57,100.01
6349.60,99.82
6441.96,99.73
6535.66,99.63
6630.73,99.67
6727.17,99.72
6825.02,99.87
6924.29,100.04
7025.01,100.27
7127.19,100.57
7230.86,100.97
7336.03,101.49
7442.74,102.10
7550.99,102.76
7660.83,103.38
7772.26,103.92
7885.31,104.33
8000.00,104.54
8116.36,104.50
8234.42,104.13
8354.19,103.54
8475.70,102.78
8598.99,101.95
8724.06,101.08
8850.96,100.25
8979.70,99.58
9110.31,99.02
9242.82,98.53
9377.26,98.18
9513.66,97.89
9652.04,97.79
9792.43,97.89
9934.86,98.06
10079.37,98.37
10225.98,98.80
10374.72,99.15
10525.62,99.29
10678.72,99.20
10834.04,98.85
10991.63,98.00
11151.51,96.74
11313.71,95.45
11478.27,94.22
11645.23,92.98
11814.61,91.93
11986.46,91.10
12160.80,90.38
12337.69,89.70
12517.14,89.12
12699.21,88.53
12883.92,87.96
13071.32,87.47
13261.45,86.87
13454.34,86.21
13650.04,85.67
13848.58,85.28
14050.02,84.80
14254.38,84.28
14461.71,83.93
14672.06,83.58
14885.47,83.09
15101.99,82.52
15321.65,81.79
15544.51,80.96
15770.61,80.02
16000.00,78.96
16232.73,77.99
16468.84,77.19
16708.38,76.69
16951.41,76.47
17197.97,76.71
17448.12,77.27
17701.91,77.83
17959.39,78.05
18220.62,77.78
18485.64,76.90
18754.52,75.80
19027.31,74.79
19304.07,73.61
19584.86,72.25
19869.72,70.33