19.13,85.69
19.40,85.78
19.69,85.85
19.97,85.93
20.26,86.00
20.56,85.67
20.86,85.74
21.16,85.81
21.47,85.89
21.78,85.71
22.10,85.62
22.42,85.70
22.74,85.76
23.08,85.65
23.41,85.71
23.75,85.54
24.10,85.61
24.45,85.50
24.80,85.55
25.16,85.62
25.53,85.28
25.90,85.35
26.28,85.42
26.66,85.28
27.05,85.34
27.44,85.17
27.84,85.24
28.25,85.06
28.66,85.13
29.07,84.98
29.50,84.66
29.93,84.72
30.36,84.78
30.80,84.38
31.25,84.45
31.70,84.50
32.17,84.29
32.63,84.34
33.11,84.18
33.59,84.24
34.08,84.06
34.57,83.99
35.08,84.04
35.59,83.65
36.10,83.71
36.63,83.76
37.16,83.61
37.70,83.45
38.25,83.43
38.81,83.48
39.37,83.17
39.95,83.21
40.53,83.26
41.12,82.94
41.71,82.99
42.32,82.91
42.94,82.97
43.56,82.83
44.19,82.72
44.84,82.61
45.49,82.67
46.15,82.41
46.82,82.45
47.50,82.10
48.19,82.15
48.90,82.02
49.61,81.72
50.33,81.77
51.06,81.59
51.80,81.63
52.56,81.47
53.32,81.40
54.10,81.43
54.88,81.20
55.68,81.24
56.49,81.09
57.31,80.99
58.15,80.94
58.99,80.77
59.85,80.41
60.72,80.46
61.60,80.26
62.50,80.24
63.41,80.01
64.33,79.97
65.27,79.95
66.22,79.92
67.18,79.87
68.16,79.76
69.15,79.67
70.15,79.59
71.17,79.47
72.21,79.44
73.26,79.27
74.33,79.18
75.41,79.08
76.50,78.90
77.62,78.80
78.75,78.77
79.89,78.75
81.05,78.70
82.23,78.63
83.43,78.67
84.64,78.51
85.87,78.30
87.12,78.22
88.39,78.11
89.67,78.00
90.98,77.92
92.30,77.77
93.64,77.76
95.01,77.67
96.39,77.62
97.79,77.58
99.21,77.35
100.66,77.22
102.12,77.03
103.61,76.82
105.11,76.81
106.64,76.76
108.19,76.66
109.77,76.58
111.36,76.54
112.98,76.52
114.63,76.46
116.29,76.22
117.98,76.07
119.70,75.99
121.44,75.87
123.21,75.78
125.00,75.59
126.82,75.55
128.66,75.50
130.53,75.51
132.43,75.45
134.36,75.36
136.31,75.23
138.30,75.17
140.31,75.13
142.35,74.98
144.42,74.89
146.52,74.84
148.65,74.85
150.81,74.76
153.01,74.71
155.23,74.65
157.49,74.62
159.78,74.59
162.10,74.50
164.46,74.50
166.85,74.38
169.28,74.33
171.74,74.17
174.24,74.13
176.78,74.06
179.35,73.99
181.96,73.84
184.60,73.63
187.29,73.58
190.01,73.48
192.78,73.38
195.58,73.34
198.43,73.18
201.31,73.01
204.24,72.92
207.21,72.85
210.22,72.85
213.28,72.84
216.38,72.81
219.53,72.74
222.72,72.79
225.96,72.80
229.25,72.75
232.59,72.66
235.97,72.63
239.40,72.57
242.88,72.65
246.42,72.66
250.00,72.63
253.64,72.54
257.33,72.45
261.07,72.39
264.87,72.38
268.72,72.27
272.63,72.24
276.59,72.18
280.62,72.11
284.70,72.04
288.84,72.00
293.04,71.90
297.30,71.86
301.63,71.75
306.01,71.75
310.46,71.74
314.98,71.67
319.56,71.52
324.21,71.53
328.93,71.49
333.71,71.43
338.56,71.44
343.49,71.37
348.48,71.40
353.55,71.34
358.70,71.24
363.91,71.20
369.21,71.20
374.58,71.06
380.03,70.97
385.55,70.90
391.16,70.83
396.85,70.84
402.62,70.84
408.48,70.78
414.42,70.78
420.45,70.70
426.56,70.68
432.77,70.69
439.06,70.76
445.45,70.78
451.93,70.72
458.50,70.65
465.17,70.59
471.94,70.52
478.80,70.49
485.77,70.48
492.83,70.44
500.00,70.41
507.27,70.34
514.65,70.35
522.14,70.21
529.73,70.19
537.44,70.17
545.25,70.20
553.18,70.21
561.23,70.10
569.39,69.97
577.68,70.02
586.08,69.94
594.60,69.90
603.25,69.90
612.03,69.81
620.93,69.81
629.96,69.90
639.12,69.90
648.42,69.82
657.85,69.82
667.42,69.81
677.13,69.74
686.98,69.73
696.97,69.74
707.11,69.72
717.39,69.69
727.83,69.68
738.41,69.64
749.15,69.64
760.05,69.61
771.11,69.60
782.32,69.57
793.70,69.51
805.25,69.46
816.96,69.48
828.84,69.54
840.90,69.48
853.13,69.45
865.54,69.40
878.13,69.43
890.90,69.46
903.86,69.51
917.00,69.50
930.34,69.53
943.87,69.66
957.60,69.70
971.53,69.75
985.66,69.85
1000.00,69.93
1014.55,70.01
1029.30,70.09
1044.27,70.19
1059.46,70.26
1074.87,70.37
1090.51,70.45
1106.37,70.58
1122.46,70.69
1138.79,70.87
1155.35,71.00
1172.16,71.09
1189.21,71.21
1206.50,71.32
1224.05,71.40
1241.86,71.50
1259.92,71.61
1278.25,71.67
1296.84,71.74
1315.70,71.81
1334.84,71.77
1354.26,71.79
1373.95,71.76
1393.94,71.74
1414.21,71.79
1434.78,71.84
1455.65,71.96
1476.83,71.91
1498.31,72.03
1520.10,71.94
1542.21,71.90
1564.64,71.92
1587.40,71.85
1610.49,71.82
1633.92,71.86
1657.68,71.91
1681.79,71.81
1706.26,71.89
1731.07,71.95
1756.25,72.04
1781.80,72.15
1807.71,72.25
1834.01,72.39
1860.68,72.45
1887.75,72.49
1915.21,72.53
1943.06,72.57
1971.33,72.66
2000.00,72.71
2029.09,72.82
2058.60,72.90
2088.55,73.00
2118.93,73.13
2149.75,73.20
2181.02,73.29
2212.74,73.34
2244.92,73.42
2277.58,73.47
2310.71,73.58
2344.32,73.67
2378.41,73.75
2413.01,73.87
2448.11,73.94
2483.72,74.09
2519.84,74.25
2556.49,74.38
2593.68,74.50
2631.41,74.66
2669.68,74.76
2708.51,74.88
2747.91,75.06
2787.88,75.12
2828.43,75.27
2869.57,75.43
2911.31,75.55
2953.65,75.72
2996.61,75.82
3040.20,75.98
3084.42,76.09
3129.29,76.18
3174.80,76.27
3220.98,76.26
3267.83,76.33
3315.36,76.41
3363.59,76.44
3412.51,76.45
3462.15,76.39
3512.50,76.24
3563.59,76.06
3615.43,75.85
3668.02,75.58
3721.37,75.28
3775.50,74.94
3830.41,74.58
3886.13,74.22
3942.65,73.89
4000.00,73.51
4058.18,73.12
4117.21,72.71
4177.10,72.25
4237.85,71.89
4299.49,71.46
4362.03,71.16
4425.48,70.78
4489.85,70.33
4555.15,69.97
4621.41,69.57
4688.63,69.25
4756.83,68.92
4826.02,68.67
4896.21,68.36
4967.43,68.03
5039.68,67.71
5112.99,67.42
5187.36,67.22
5262.81,67.00
5339.36,66.81
5417.02,66.61
5495.81,66.39
5575.75,66.25
5656.85,66.15
5739.14,66.07
5822.61,65.88
5907.30,65.72
5993.23,65.66
6080.40,65.71
6168.84,65.67
6258.57,65.68
6349.60,65.70
6441.96,65.81
6535.66,65.91
6630.73,66.14
6727.17,66.31
6825.02,66.56
6924.29,66.80
7025.01,67.06
7127.19,67.39
7230.86,67.78
7336.03,68.25
7442.74,68.78
7550.99,69.33
7660.83,69.80
7772.26,70.24
7885.31,70.53
8000.00,70.67
8116.36,70.61
8234.42,70.22
8354.19,69.52
8475.70,68.63
8598.99,67.67
8724.06,66.63
8850.96,65.53
8979.70,64.54
9110.31,63.62
9242.82,62.70
9377.26,61.86
9513.66,61.03
9652.04,60.29
9792.43,59.63
9934.86,58.97
10079.37,58.39
10225.98,57.89
10374.72,57.37
10525.62,56.93
10678.72,56.66
10834.04,56.31
10991.63,56.05
11151.51,55.88
11313.71,55.87
11478.27,55.96
11645.23,55.97
11814.61,56.05
11986.46,56.28
12160.80,56.48
12337.69,56.64
12517.14,56.78
12699.21,56.71
12883.92,56.41
13071.32,56.00
13261.45,55.22
13454.34,54.23
13650.04,53.31
13848.58,52.50
14050.02,51.56
14254.38,50.57
14461.71,49.82
14672.06,49.10
14885.47,48.24
15101.99,47.22
15321.65,46.02
15544.51,44.73
15770.61,43.27
16000.00,41.75
16232.73,40.24
16468.84,38.76
16708.38,37.43
16951.41,36.47
17197.97,35.66
17448.12,35.29
17701.91,35.41
17959.39,35.99
18220.62,37.10
18485.64,38.37
18754.52,40.14
19027.31,42.41
19304.07,44.84
19584.86,46.42
19869.72,45.53