19.13,70.82
19.40,70.88
19.69,70.94
19.97,71.00
20.26,71.06
20.56,71.44
20.86,71.50
21.16,71.56
21.47,71.62
21.78,71.72
22.10,71.98
22.42,72.04
22.74,72.10
23.08,72.24
23.41,72.30
23.75,72.42
24.10,72.48
24.45,72.61
24.80,72.67
25.16,72.73
25.53,72.91
25.90,72.97
26.28,73.03
26.66,73.12
27.05,73.18
27.44,73.27
27.84,73.33
28.25,73.35
28.66,73.42
29.07,73.53
29.50,73.39
29.93,73.46
30.36,73.53
30.80,73.56
31.25,73.63
31.70,73.70
32.17,73.87
32.63,73.93
33.11,73.93
33.59,73.99
34.08,74.01
34.57,74.11
35.08,74.18
35.59,74.13
36.10,74.19
36.63,74.26
37.16,74.27
37.70,74.27
38.25,74.41
38.81,74.48
39.37,74.44
39.95,74.51
40.53,74.58
41.12,74.56
41.71,74.63
42.32,74.85
42.94,74.92
43.56,74.91
44.19,74.96
44.84,74.98
45.49,75.05
46.15,75.02
46.82,75.09
47.50,74.99
48.19,75.06
48.90,75.06
49.61,75.02
50.33,75.09
51.06,75.17
51.80,75.24
52.56,75.32
53.32,75.37
54.10,75.44
54.88,75.40
55.68,75.48
56.49,75.53
57.31,75.56
58.15,75.63
58.99,75.58
59.85,75.40
60.72,75.48
61.60,75.49
62.50,75.58
63.41,75.50
64.33,75.68
65.27,75.76
66.22,75.83
67.18,75.88
68.16,75.94
69.15,75.94
70.15,75.95
71.17,75.98
72.21,76.04
73.26,76.06
74.33,76.07
75.41,76.09
76.50,76.08
77.62,76.12
78.75,76.16
79.89,76.28
81.05,76.39
82.23,76.47
83.43,76.55
84.64,76.53
85.87,76.49
87.12,76.49
88.39,76.52
89.67,76.54
90.98,76.58
92.30,76.57
93.64,76.64
95.01,76.69
96.39,76.73
97.79,76.80
99.21,76.74
100.66,76.75
102.12,76.70
103.61,76.61
105.11,76.67
106.64,76.74
108.19,76.75
109.77,76.79
111.36,76.85
112.98,76.95
114.63,76.99
116.29,76.90
117.98,76.87
119.70,76.91
121.44,76.90
123.21,76.91
125.00,76.86
126.82,76.91
128.66,77.00
130.53,77.11
132.43,77.12
134.36,77.13
136.31,77.13
138.30,77.17
140.31,77.21
142.35,77.18
144.42,77.17
146.52,77.23
148.65,77.34
150.81,77.33
153.01,77.39
155.23,77.43
157.49,77.48
159.78,77.54
162.10,77.54
164.46,77.60
166.85,77.59
169.28,77.61
171.74,77.53
174.24,77.58
176.78,77.62
179.35,77.61
181.96,77.52
184.60,77.43
187.29,77.44
190.01,77.44
192.78,77.43
195.58,77.46
198.43,77.41
201.31,77.35
204.24,77.36
207.21,77.38
210.22,77.48
213.28,77.54
216.38,77.55
219.53,77.58
222.72,77.69
225.96,77.74
229.25,77.77
232.59,77.78
235.97,77.83
239.40,77.84
242.88,77.96
246.42,78.01
250.00,78.04
253.64,77.99
257.33,77.96
261.07,77.97
264.87,78.01
268.72,78.00
272.63,78.01
276.59,78.00
280.62,77.97
284.70,77.93
288.84,77.95
293.04,77.91
297.30,77.94
301.63,77.92
306.01,77.97
310.46,78.00
314.98,77.97
319.56,77.87
324.21,77.92
328.93,77.95
333.71,77.98
338.56,78.01
343.49,77.96
348.48,78.03
353.55,78.00
358.70,77.96
363.91,77.98
369.21,78.00
374.58,77.89
380.03,77.85
385.55,77.78
391.16,77.72
396.85,77.77
402.62,77.77
408.48,77.75
414.42,77.76
420.45,77.70
426.56,77.74
432.77,77.76
439.06,77.80
445.45,77.85
451.93,77.83
458.50,77.76
465.17,77.71
471.94,77.64
478.80,77.60
485.77,77.57
492.83,77.50
500.00,77.47
507.27,77.37
514.65,77.40
522.14,77.30
529.73,77.35
537.44,77.44
545.25,77.59
553.18,77.73
561.23,77.77
569.39,77.81
577.68,77.99
586.08,78.01
594.60,78.06
603.25,78.14
612.03,78.08
620.93,78.10
629.96,78.18
639.12,78.15
648.42,78.05
657.85,78.08
667.42,78.08
677.13,78.02
686.98,78.05
696.97,78.09
707.11,78.12
717.39,78.16
727.83,78.18
738.41,78.18
749.15,78.18
760.05,78.19
771.11,78.20
782.32,78.18
793.70,78.16
805.25,78.15
816.96,78.17
828.84,78.25
840.90,78.20
853.13,78.20
865.54,78.16
878.13,78.19
890.90,78.18
903.86,78.21
917.00,78.20
930.34,78.23
943.87,78.32
957.60,78.33
971.53,78.34
985.66,78.45
1000.00,78.51
1014.55,78.54
1029.30,78.60
1044.27,78.67
1059.46,78.70
1074.87,78.76
1090.51,78.80
1106.37,78.87
1122.46,78.91
1138.79,79.03
1155.35,79.12
1172.16,79.17
1189.21,79.27
1206.50,79.35
1224.05,79.39
1241.86,79.45
1259.92,79.56
1278.25,79.64
1296.84,79.74
1315.70,79.87
1334.84,79.92
1354.26,80.01
1373.95,80.08
1393.94,80.13
1414.21,80.27
1434.78,80.38
1455.65,80.59
1476.83,80.63
1498.31,80.84
1520.10,80.86
1542.21,81.00
1564.64,81.15
1587.40,81.28
1610.49,81.45
1633.92,81.73
1657.68,81.99
1681.79,82.10
1706.26,82.36
1731.07,82.63
1756.25,82.87
1781.80,83.13
1807.71,83.38
1834.01,83.68
1860.68,83.93
1887.75,84.16
1915.21,84.42
1943.06,84.63
1971.33,84.91
2000.00,85.17
2029.09,85.47
2058.60,85.81
2088.55,86.18
2118.93,86.57
2149.75,86.93
2181.02,87.27
2212.74,87.55
2244.92,87.88
2277.58,88.11
2310.71,88.37
2344.32,88.55
2378.41,88.73
2413.01,88.86
2448.11,88.88
2483.72,88.94
2519.84,88.90
2556.49,88.82
2593.68,88.68
2631.41,88.52
2669.68,88.30
2708.51,88.06
2747.91,87.84
2787.88,87.54
2828.43,87.27
2869.57,87.05
2911.31,86.79
2953.65,86.61
2996.61,86.38
3040.20,86.25
3084.42,86.13
3129.29,85.99
3174.80,85.91
3220.98,85.80
3267.83,85.79
3315.36,85.85
3363.59,85.92
3412.51,86.03
3462.15,86.13
3512.50,86.23
3563.59,86.36
3615.43,86.51
3668.02,86.64
3721.37,86.69
3775.50,86.67
3830.41,86.54
3886.13,86.28
3942.65,85.92
4000.00,85.39
4058.18,84.73
4117.21,83.90
4177.10,82.88
4237.85,81.90
4299.49,80.86
4362.03,79.87
4425.48,78.84
4489.85,77.72
4555.15,76.69
4621.41,75.61
4688.63,74.68
4756.83,73.81
4826.02,73.11
4896.21,72.49
4967.43,72.08
5039.68,71.98
5112.99,72.19
5187.36,72.80
5262.81,73.58
5339.36,74.49
5417.02,75.24
5495.81,75.72
5575.75,75.95
5656.85,75.94
5739.14,75.72
5822.61,75.25
5907.30,74.76
5993.23,74.35
6080.40,74.03
6168.84,73.66
6258.57,73.39
6349.60,73.14
6441.96,73.00
6535.66,72.85
6630.73,72.85
6727.17,72.85
6825.02,72.94
6924.29,73.06
7025.01,73.22
7127.19,73.45
7230.86,73.74
7336.03,74.13
7442.74,74.54
7550.99,74.90
7660.83,75.06
7772.26,74.97
7885.31,74.59
8000.00,74.01
8116.36,73.32
8234.42,72.59
8354.19,72.11
8475.70,71.83
8598.99,71.26
8724.06,70.06
8850.96,68.60
8979.70,67.22
9110.31,65.94
9242.82,64.71
9377.26,63.53
9513.66,62.36
9652.04,61.36
9792.43,60.61
9934.86,60.06
10079.37,59.81
10225.98,60.03
10374.72,60.54
10525.62,61.13
10678.72,61.46
10834.04,61.42
10991.63,61.18
11151.51,61.07
11313.71,61.34
11478.27,62.01
11645.23,62.82
11814.61,63.69
11986.46,64.57
12160.80,65.34
12337.69,65.99
12517.14,66.64
12699.21,67.21
12883.92,67.68
13071.32,68.14
13261.45,68.43
13454.34,68.62
13650.04,69.01
13848.58,69.60
14050.02,69.99
14254.38,70.07
14461.71,69.96
14672.06,69.53
14885.47,68.97
15101.99,68.59
15321.65,68.40
15544.51,68.29
15770.61,67.88
16000.00,66.78
16232.73,65.08
16468.84,62.92
16708.38,60.71
16951.41,58.83
17197.97,57.76
17448.12,57.32
17701.91,57.01
17959.39,56.73
18220.62,56.20
18485.64,54.96
18754.52,53.50
19027.31,52.44
19304.07,51.37
19584.86,50.24
19869.72,48.75