19.13,90.58
19.40,90.66
19.69,90.74
19.97,90.81
20.26,90.89
20.56,90.66
20.86,90.73
21.16,90.81
21.47,90.88
21.78,90.78
22.10,90.80
22.42,90.87
22.74,90.95
23.08,90.90
23.41,90.97
23.75,90.90
24.10,90.97
24.45,90.90
24.80,90.98
25.16,91.05
25.53,90.85
25.90,90.92
26.28,90.99
26.66,90.95
27.05,91.02
27.44,90.93
27.84,90.99
28.25,90.91
28.66,90.97
29.07,90.91
29.50,90.71
29.93,90.78
30.36,90.84
30.80,90.64
31.25,90.70
31.70,90.76
32.17,90.69
32.63,90.76
33.11,90.68
33.59,90.74
34.08,90.65
34.57,90.61
35.08,90.66
35.59,90.37
36.10,90.42
36.63,90.48
37.16,90.41
37.70,90.31
38.25,90.38
38.81,90.43
39.37,90.22
39.95,90.27
40.53,90.33
41.12,90.14
41.71,90.19
42.32,90.17
42.94,90.22
43.56,90.14
44.19,90.09
44.84,90.03
45.49,90.08
46.15,89.91
46.82,89.96
47.50,89.70
48.19,89.75
48.90,89.67
49.61,89.51
50.33,89.56
51.06,89.53
51.80,89.57
52.56,89.47
53.32,89.42
54.10,89.47
54.88,89.27
55.68,89.32
56.49,89.21
57.31,89.13
58.15,89.10
58.99,88.95
59.85,88.69
60.72,88.73
61.60,88.63
62.50,88.65
63.41,88.45
64.33,88.49
65.27,88.51
66.22,88.50
67.18,88.46
68.16,88.40
69.15,88.33
70.15,88.28
71.17,88.19
72.21,88.18
73.26,88.10
74.33,88.04
75.41,88.02
76.50,87.97
77.62,87.96
78.75,87.96
79.89,88.00
81.05,88.01
82.23,87.97
83.43,88.01
84.64,87.90
85.87,87.74
87.12,87.66
88.39,87.61
89.67,87.52
90.98,87.48
92.30,87.39
93.64,87.42
95.01,87.43
96.39,87.42
97.79,87.42
99.21,87.22
100.66,87.15
102.12,87.02
103.61,86.86
105.11,86.87
106.64,86.84
108.19,86.76
109.77,86.70
111.36,86.72
112.98,86.77
114.63,86.79
116.29,86.64
117.98,86.55
119.70,86.51
121.44,86.41
123.21,86.33
125.00,86.17
126.82,86.15
128.66,86.15
130.53,86.22
132.43,86.19
134.36,86.12
136.31,86.09
138.30,86.03
140.31,85.99
142.35,85.84
144.42,85.70
146.52,85.64
148.65,85.63
150.81,85.55
153.01,85.46
155.23,85.40
157.49,85.37
159.78,85.32
162.10,85.24
164.46,85.24
166.85,85.13
169.28,85.10
171.74,84.93
174.24,84.93
176.78,84.93
179.35,84.91
181.96,84.82
184.60,84.68
187.29,84.69
190.01,84.62
192.78,84.58
195.58,84.58
198.43,84.49
201.31,84.40
204.24,84.39
207.21,84.38
210.22,84.40
213.28,84.42
216.38,84.37
219.53,84.27
222.72,84.31
225.96,84.36
229.25,84.30
232.59,84.22
235.97,84.21
239.40,84.14
242.88,84.17
246.42,84.11
250.00,84.09
253.64,83.98
257.33,83.93
261.07,83.92
264.87,83.96
268.72,83.89
272.63,83.81
276.59,83.72
280.62,83.64
284.70,83.56
288.84,83.55
293.04,83.48
297.30,83.43
301.63,83.33
306.01,83.32
310.46,83.23
314.98,83.20
319.56,83.12
324.21,83.11
328.93,83.08
333.71,83.08
338.56,83.09
343.49,83.01
348.48,83.07
353.55,82.94
358.70,82.86
363.91,82.85
369.21,82.79
374.58,82.63
380.03,82.57
385.55,82.44
391.16,82.35
396.85,82.35
402.62,82.31
408.48,82.31
414.42,82.30
420.45,82.19
426.56,82.19
432.77,82.17
439.06,82.23
445.45,82.25
451.93,82.18
458.50,82.04
465.17,81.93
471.94,81.82
478.80,81.71
485.77,81.67
492.83,81.58
500.00,81.53
507.27,81.31
514.65,81.40
522.14,81.33
529.73,81.34
537.44,81.30
545.25,81.27
553.18,81.24
561.23,81.17
569.39,81.00
577.68,81.03
586.08,80.91
594.60,80.93
603.25,80.97
612.03,80.91
620.93,80.83
629.96,80.95
639.12,80.86
648.42,80.71
657.85,80.68
667.42,80.56
677.13,80.47
686.98,80.45
696.97,80.38
707.11,80.43
717.39,80.42
727.83,80.41
738.41,80.39
749.15,80.37
760.05,80.34
771.11,80.38
782.32,80.25
793.70,80.17
805.25,80.18
816.96,80.14
828.84,80.17
840.90,80.12
853.13,80.09
865.54,80.06
878.13,80.16
890.90,80.17
903.86,80.17
917.00,80.18
930.34,80.19
943.87,80.29
957.60,80.38
971.53,80.40
985.66,80.48
1000.00,80.58
1014.55,80.67
1029.30,80.83
1044.27,80.83
1059.46,80.88
1074.87,81.06
1090.51,81.19
1106.37,81.28
1122.46,81.33
1138.79,81.55
1155.35,81.62
1172.16,81.61
1189.21,81.75
1206.50,81.82
1224.05,81.99
1241.86,82.21
1259.92,82.37
1278.25,82.48
1296.84,82.64
1315.70,82.82
1334.84,82.89
1354.26,82.99
1373.95,83.13
1393.94,83.21
1414.21,83.32
1434.78,83.46
1455.65,83.68
1476.83,83.67
1498.31,83.94
1520.10,84.05
1542.21,84.18
1564.64,84.29
1587.40,84.43
1610.49,84.60
1633.92,84.81
1657.68,85.04
1681.79,85.18
1706.26,85.40
1731.07,85.69
1756.25,85.90
1781.80,86.18
1807.71,86.45
1834.01,86.68
1860.68,86.79
1887.75,86.98
1915.21,87.16
1943.06,87.34
1971.33,87.48
2000.00,87.75
2029.09,87.97
2058.60,88.21
2088.55,88.47
2118.93,88.83
2149.75,88.98
2181.02,89.20
2212.74,89.33
2244.92,89.65
2277.58,89.96
2310.71,90.36
2344.32,90.65
2378.41,90.89
2413.01,91.14
2448.11,91.35
2483.72,91.61
2519.84,91.88
2556.49,92.14
2593.68,92.38
2631.41,92.64
2669.68,92.82
2708.51,92.96
2747.91,93.05
2787.88,93.04
2828.43,93.02
2869.57,92.98
2911.31,92.94
2953.65,92.90
2996.61,92.74
3040.20,92.63
3084.42,92.41
3129.29,92.18
3174.80,92.06
3220.98,91.83
3267.83,91.74
3315.36,91.76
3363.59,91.60
3412.51,91.54
3462.15,91.47
3512.50,91.36
3563.59,91.37
3615.43,91.41
3668.02,91.41
3721.37,91.45
3775.50,91.56
3830.41,91.64
3886.13,91.78
3942.65,91.99
4000.00,92.14
4058.18,92.34
4117.21,92.58
4177.10,92.70
4237.85,92.79
4299.49,92.63
4362.03,92.33
4425.48,91.86
4489.85,91.09
4555.15,90.21
4621.41,89.20
4688.63,88.14
4756.83,87.19
4826.02,86.31
4896.21,85.40
4967.43,84.69
5039.68,84.17
5112.99,83.97
5187.36,84.17
5262.81,84.67
5339.36,85.47
5417.02,86.25
5495.81,86.87
5575.75,87.23
5656.85,87.38
5739.14,87.29
5822.61,86.90
5907.30,86.26
5993.23,85.73
6080.40,85.17
6168.84,84.66
6258.57,84.16
6349.60,83.91
6441.96,83.53
6535.66,83.30
6630.73,83.15
6727.17,83.11
6825.02,83.01
6924.29,82.91
7025.01,82.86
7127.19,82.89
7230.86,83.00
7336.03,83.22
7442.74,83.52
7550.99,83.91
7660.83,84.21
7772.26,84.60
7885.31,84.92
8000.00,85.14
8116.36,85.09
8234.42,84.88
8354.19,84.31
8475.70,83.53
8598.99,82.57
8724.06,81.44
8850.96,80.41
8979.70,79.48
9110.31,78.68
9242.82,78.11
9377.26,77.44
9513.66,76.66
9652.04,76.15
9792.43,75.77
9934.86,75.38
10079.37,75.01
10225.98,74.73
10374.72,74.37
10525.62,74.12
10678.72,73.92
10834.04,73.63
10991.63,73.63
11151.51,73.80
11313.71,74.07
11478.27,74.35
11645.23,74.43
11814.61,74.67
11986.46,74.68
12160.80,74.49
12337.69,73.94
12517.14,73.17
12699.21,72.28
12883.92,71.45
13071.32,71.32
13261.45,71.94
13454.34,72.89
13650.04,73.56
13848.58,73.80
14050.02,73.67
14254.38,73.22
14461.71,72.70
14672.06,72.06
14885.47,71.47
15101.99,71.26
15321.65,71.44
15544.51,71.82
15770.61,71.89
16000.00,71.47
16232.73,70.65
16468.84,69.53
16708.38,68.48
16951.41,67.58
17197.97,66.93
17448.12,66.30
17701.91,65.76
17959.39,65.55
18220.62,64.95
18485.64,64.08
18754.52,63.19
19027.31,62.58
19304.07,62.19
19584.86,61.75
19869.72,61.16