19.13,74.83
19.40,74.91
19.69,74.98
19.97,75.06
20.26,75.14
20.56,75.02
20.86,75.10
21.16,75.18
21.47,75.25
21.78,75.18
22.10,75.20
22.42,75.27
22.74,75.35
23.08,75.35
23.41,75.42
23.75,75.35
24.10,75.42
24.45,75.41
24.80,75.49
25.16,75.56
25.53,75.43
25.90,75.50
26.28,75.57
26.66,75.51
27.05,75.58
27.44,75.52
27.84,75.58
28.25,75.48
28.66,75.55
29.07,75.52
29.50,75.29
29.93,75.36
30.36,75.42
30.80,75.24
31.25,75.31
31.70,75.37
32.17,75.32
32.63,75.38
33.11,75.24
33.59,75.30
34.08,75.19
34.57,75.18
35.08,75.24
35.59,74.98
36.10,75.04
36.63,75.10
37.16,75.01
37.70,74.90
38.25,74.95
38.81,75.00
39.37,74.82
39.95,74.87
40.53,74.92
41.12,74.75
41.71,74.80
42.32,74.82
42.94,74.88
43.56,74.77
44.19,74.71
44.84,74.64
45.49,74.68
46.15,74.51
46.82,74.56
47.50,74.35
48.19,74.40
48.90,74.31
49.61,74.14
50.33,74.18
51.06,74.11
51.80,74.15
52.56,74.09
53.32,74.06
54.10,74.10
54.88,73.93
55.68,73.98
56.49,73.90
57.31,73.85
58.15,73.83
58.99,73.71
59.85,73.42
60.72,73.46
61.60,73.36
62.50,73.38
63.41,73.22
64.33,73.25
65.27,73.25
66.22,73.25
67.18,73.21
68.16,73.15
69.15,73.08
70.15,73.02
71.17,72.93
72.21,72.92
73.26,72.81
74.33,72.73
75.41,72.67
76.50,72.55
77.62,72.46
78.75,72.43
79.89,72.43
81.05,72.42
82.23,72.39
83.43,72.43
84.64,72.29
85.87,72.13
87.12,72.05
88.39,71.97
89.67,71.86
90.98,71.79
92.30,71.68
93.64,71.69
95.01,71.63
96.39,71.57
97.79,71.55
99.21,71.35
100.66,71.27
102.12,71.13
103.61,70.95
105.11,70.95
106.64,70.92
108.19,70.84
109.77,70.76
111.36,70.74
112.98,70.75
114.63,70.72
116.29,70.50
117.98,70.39
119.70,70.33
121.44,70.22
123.21,70.14
125.00,69.99
126.82,69.95
128.66,69.93
130.53,69.95
132.43,69.89
134.36,69.79
136.31,69.67
138.30,69.62
140.31,69.59
142.35,69.45
144.42,69.33
146.52,69.29
148.65,69.30
150.81,69.21
153.01,69.17
155.23,69.12
157.49,69.06
159.78,69.02
162.10,68.90
164.46,68.89
166.85,68.77
169.28,68.71
171.74,68.50
174.24,68.46
176.78,68.41
179.35,68.32
181.96,68.16
184.60,67.97
187.29,67.90
190.01,67.79
192.78,67.69
195.58,67.63
198.43,67.49
201.31,67.35
204.24,67.27
207.21,67.21
210.22,67.20
213.28,67.20
216.38,67.12
219.53,67.04
222.72,67.07
225.96,67.05
229.25,66.97
232.59,66.89
235.97,66.87
239.40,66.81
242.88,66.84
246.42,66.81
250.00,66.78
253.64,66.65
257.33,66.57
261.07,66.51
264.87,66.50
268.72,66.41
272.63,66.35
276.59,66.25
280.62,66.15
284.70,66.06
288.84,66.01
293.04,65.90
297.30,65.85
301.63,65.76
306.01,65.75
310.46,65.70
314.98,65.62
319.56,65.47
324.21,65.46
328.93,65.42
333.71,65.38
338.56,65.37
343.49,65.28
348.48,65.30
353.55,65.23
358.70,65.15
363.91,65.13
369.21,65.09
374.58,64.93
380.03,64.85
385.55,64.76
391.16,64.67
396.85,64.69
402.62,64.64
408.48,64.58
414.42,64.55
420.45,64.47
426.56,64.51
432.77,64.54
439.06,64.55
445.45,64.59
451.93,64.56
458.50,64.48
465.17,64.45
471.94,64.39
478.80,64.36
485.77,64.34
492.83,64.27
500.00,64.25
507.27,64.18
514.65,64.20
522.14,64.09
529.73,64.08
537.44,64.07
545.25,64.09
553.18,64.09
561.23,63.99
569.39,63.89
577.68,63.91
586.08,63.84
594.60,63.82
603.25,63.85
612.03,63.77
620.93,63.79
629.96,63.88
639.12,63.86
648.42,63.80
657.85,63.82
667.42,63.83
677.13,63.77
686.98,63.81
696.97,63.84
707.11,63.84
717.39,63.86
727.83,63.87
738.41,63.87
749.15,63.88
760.05,63.88
771.11,63.90
782.32,63.89
793.70,63.89
805.25,63.89
816.96,63.92
828.84,64.00
840.90,63.97
853.13,64.00
865.54,64.00
878.13,64.05
890.90,64.08
903.86,64.15
917.00,64.19
930.34,64.27
943.87,64.41
957.60,64.48
971.53,64.56
985.66,64.73
1000.00,64.86
1014.55,64.97
1029.30,65.12
1044.27,65.26
1059.46,65.38
1074.87,65.53
1090.51,65.66
1106.37,65.82
1122.46,65.96
1138.79,66.16
1155.35,66.34
1172.16,66.49
1189.21,66.68
1206.50,66.85
1224.05,66.99
1241.86,67.13
1259.92,67.31
1278.25,67.48
1296.84,67.64
1315.70,67.84
1334.84,67.98
1354.26,68.14
1373.95,68.27
1393.94,68.38
1414.21,68.58
1434.78,68.75
1455.65,68.98
1476.83,69.07
1498.31,69.31
1520.10,69.38
1542.21,69.54
1564.64,69.70
1587.40,69.83
1610.49,69.98
1633.92,70.22
1657.68,70.42
1681.79,70.48
1706.26,70.66
1731.07,70.82
1756.25,70.94
1781.80,71.06
1807.71,71.16
1834.01,71.29
1860.68,71.32
1887.75,71.32
1915.21,71.33
1943.06,71.28
1971.33,71.29
2000.00,71.25
2029.09,71.26
2058.60,71.29
2088.55,71.33
2118.93,71.38
2149.75,71.37
2181.02,71.33
2212.74,71.22
2244.92,71.13
2277.58,70.96
2310.71,70.84
2344.32,70.66
2378.41,70.49
2413.01,70.35
2448.11,70.16
2483.72,70.03
2519.84,69.89
2556.49,69.72
2593.68,69.54
2631.41,69.40
2669.68,69.21
2708.51,69.02
2747.91,68.89
2787.88,68.69
2828.43,68.51
2869.57,68.40
2911.31,68.22
2953.65,68.10
2996.61,67.94
3040.20,67.85
3084.42,67.75
3129.29,67.62
3174.80,67.55
3220.98,67.42
3267.83,67.37
3315.36,67.38
3363.59,67.38
3412.51,67.42
3462.15,67.44
3512.50,67.46
3563.59,67.51
3615.43,67.59
3668.02,67.67
3721.37,67.74
3775.50,67.83
3830.41,67.95
3886.13,68.09
3942.65,68.31
4000.00,68.51
4058.18,68.72
4117.21,68.94
4177.10,69.10
4237.85,69.33
4299.49,69.53
4362.03,69.83
4425.48,70.06
4489.85,70.17
4555.15,70.28
4621.41,70.29
4688.63,70.32
4756.83,70.28
4826.02,70.20
4896.21,69.99
4967.43,69.67
5039.68,69.33
5112.99,68.91
5187.36,68.58
5262.81,68.16
5339.36,67.77
5417.02,67.36
5495.81,66.93
5575.75,66.53
5656.85,66.14
5739.14,65.85
5822.61,65.66
5907.30,65.57
5993.23,65.51
6080.40,65.41
6168.84,65.26
6258.57,65.18
6349.60,65.14
6441.96,65.21
6535.66,65.27
6630.73,65.50
6727.17,65.74
6825.02,66.05
6924.29,66.42
7025.01,66.85
7127.19,67.37
7230.86,68.00
7336.03,68.77
7442.74,69.64
7550.99,70.58
7660.83,71.48
7772.26,72.37
7885.31,73.12
8000.00,73.65
8116.36,73.88
8234.42,73.69
8354.19,73.21
8475.70,72.57
8598.99,71.91
8724.06,71.29
8850.96,70.73
8979.70,70.37
9110.31,70.11
9242.82,69.90
9377.26,69.75
9513.66,69.48
9652.04,69.12
9792.43,68.58
9934.86,67.67
10079.37,66.49
10225.98,65.18
10374.72,63.71
10525.62,62.27
10678.72,60.94
10834.04,59.65
10991.63,58.45
11151.51,57.40
11313.71,56.54
11478.27,55.78
11645.23,55.04
11814.61,54.44
11986.46,54.04
12160.80,53.71
12337.69,53.42
12517.14,53.24
12699.21,53.07
12883.92,52.92
13071.32,52.88
13261.45,52.76
13454.34,52.61
13650.04,52.63
13848.58,52.85
14050.02,53.00
14254.38,53.14
14461.71,53.44
14672.06,53.69
14885.47,53.72
15101.99,53.52
15321.65,53.03
15544.51,52.22
15770.61,51.46
16000.00,52.09
16232.73,50.87
16468.84,45.31
16708.38,45.59
16951.41,46.63
17197.97,47.22
17448.12,47.51
17701.91,46.93
17959.39,45.77
18220.62,44.48
18485.64,43.13
18754.52,41.93
19027.31,40.78
19304.07,39.15
19584.86,36.98
19869.72,34.21