19.13,83.22
19.40,83.29
19.69,83.36
19.97,83.44
20.26,83.51
20.56,83.48
20.86,83.54
21.16,83.61
21.47,83.68
21.78,83.57
22.10,83.60
22.42,83.67
22.74,83.73
23.08,83.64
23.41,83.71
23.75,83.74
24.10,83.81
24.45,83.71
24.80,83.77
25.16,83.83
25.53,83.70
25.90,83.76
26.28,83.82
26.66,83.76
27.05,83.82
27.44,83.69
27.84,83.76
28.25,83.64
28.66,83.70
29.07,83.55
29.50,83.35
29.93,83.41
30.36,83.47
30.80,83.28
31.25,83.34
31.70,83.39
32.17,83.34
32.63,83.40
33.11,83.29
33.59,83.34
34.08,83.29
34.57,83.31
35.08,83.36
35.59,83.19
36.10,83.25
36.63,83.29
37.16,83.22
37.70,83.12
38.25,83.20
38.81,83.25
39.37,83.14
39.95,83.19
40.53,83.24
41.12,83.16
41.71,83.21
42.32,83.27
42.94,83.33
43.56,83.23
44.19,83.19
44.84,83.12
45.49,83.18
46.15,83.04
46.82,83.09
47.50,82.92
48.19,82.97
48.90,82.88
49.61,82.73
50.33,82.77
51.06,82.70
51.80,82.76
52.56,82.70
53.32,82.64
54.10,82.69
54.88,82.52
55.68,82.57
56.49,82.46
57.31,82.41
58.15,82.37
58.99,82.27
59.85,82.01
60.72,82.05
61.60,81.97
62.50,81.97
63.41,81.85
64.33,81.86
65.27,81.83
66.22,81.83
67.18,81.78
68.16,81.70
69.15,81.63
70.15,81.55
71.17,81.46
72.21,81.45
73.26,81.35
74.33,81.28
75.41,81.23
76.50,81.12
77.62,81.04
78.75,81.01
79.89,80.97
81.05,80.93
82.23,80.88
83.43,80.93
84.64,80.80
85.87,80.66
87.12,80.58
88.39,80.50
89.67,80.41
90.98,80.34
92.30,80.24
93.64,80.23
95.01,80.17
96.39,80.10
97.79,80.06
99.21,79.87
100.66,79.78
102.12,79.65
103.61,79.50
105.11,79.51
106.64,79.46
108.19,79.37
109.77,79.30
111.36,79.28
112.98,79.29
114.63,79.23
116.29,79.03
117.98,78.93
119.70,78.87
121.44,78.77
123.21,78.71
125.00,78.58
126.82,78.52
128.66,78.51
130.53,78.53
132.43,78.46
134.36,78.37
136.31,78.26
138.30,78.23
140.31,78.21
142.35,78.07
144.42,77.96
146.52,77.92
148.65,77.93
150.81,77.84
153.01,77.80
155.23,77.76
157.49,77.71
159.78,77.66
162.10,77.57
164.46,77.55
166.85,77.45
169.28,77.40
171.74,77.19
174.24,77.16
176.78,77.13
179.35,77.07
181.96,76.92
184.60,76.75
187.29,76.70
190.01,76.61
192.78,76.52
195.58,76.48
198.43,76.36
201.31,76.23
204.24,76.18
207.21,76.13
210.22,76.17
213.28,76.18
216.38,76.11
219.53,76.03
222.72,76.08
225.96,76.07
229.25,76.02
232.59,75.96
235.97,75.97
239.40,75.93
242.88,75.98
246.42,75.96
250.00,75.93
253.64,75.82
257.33,75.79
261.07,75.76
264.87,75.76
268.72,75.71
272.63,75.65
276.59,75.57
280.62,75.47
284.70,75.40
288.84,75.35
293.04,75.26
297.30,75.23
301.63,75.17
306.01,75.17
310.46,75.12
314.98,75.07
319.56,74.94
324.21,74.95
328.93,74.91
333.71,74.88
338.56,74.89
343.49,74.83
348.48,74.82
353.55,74.77
358.70,74.70
363.91,74.69
369.21,74.65
374.58,74.47
380.03,74.41
385.55,74.34
391.16,74.27
396.85,74.29
402.62,74.25
408.48,74.19
414.42,74.15
420.45,74.08
426.56,74.12
432.77,74.16
439.06,74.17
445.45,74.19
451.93,74.15
458.50,74.05
465.17,74.02
471.94,73.96
478.80,73.92
485.77,73.88
492.83,73.80
500.00,73.77
507.27,73.72
514.65,73.72
522.14,73.61
529.73,73.59
537.44,73.56
545.25,73.57
553.18,73.56
561.23,73.45
569.39,73.32
577.68,73.34
586.08,73.27
594.60,73.24
603.25,73.25
612.03,73.16
620.93,73.17
629.96,73.26
639.12,73.24
648.42,73.17
657.85,73.19
667.42,73.20
677.13,73.14
686.98,73.19
696.97,73.23
707.11,73.23
717.39,73.25
727.83,73.26
738.41,73.27
749.15,73.31
760.05,73.33
771.11,73.36
782.32,73.37
793.70,73.37
805.25,73.38
816.96,73.41
828.84,73.48
840.90,73.43
853.13,73.47
865.54,73.47
878.13,73.51
890.90,73.54
903.86,73.59
917.00,73.61
930.34,73.67
943.87,73.78
957.60,73.82
971.53,73.88
985.66,73.99
1000.00,74.10
1014.55,74.21
1029.30,74.32
1044.27,74.41
1059.46,74.49
1074.87,74.61
1090.51,74.70
1106.37,74.81
1122.46,74.91
1138.79,75.08
1155.35,75.24
1172.16,75.35
1189.21,75.53
1206.50,75.69
1224.05,75.81
1241.86,75.94
1259.92,76.12
1278.25,76.29
1296.84,76.46
1315.70,76.68
1334.84,76.84
1354.26,77.04
1373.95,77.23
1393.94,77.40
1414.21,77.65
1434.78,77.90
1455.65,78.22
1476.83,78.39
1498.31,78.74
1520.10,78.92
1542.21,79.23
1564.64,79.53
1587.40,79.83
1610.49,80.16
1633.92,80.62
1657.68,81.04
1681.79,81.34
1706.26,81.78
1731.07,82.23
1756.25,82.65
1781.80,83.08
1807.71,83.49
1834.01,83.92
1860.68,84.27
1887.75,84.55
1915.21,84.83
1943.06,84.98
1971.33,85.14
2000.00,85.17
2029.09,85.22
2058.60,85.12
2088.55,84.95
2118.93,84.69
2149.75,84.31
2181.02,83.87
2212.74,83.32
2244.92,82.75
2277.58,82.10
2310.71,81.50
2344.32,80.89
2378.41,80.29
2413.01,79.77
2448.11,79.22
2483.72,78.73
2519.84,78.24
2556.49,77.68
2593.68,76.94
2631.41,76.34
2669.68,75.96
2708.51,75.71
2747.91,75.78
2787.88,75.74
2828.43,75.54
2869.57,75.39
2911.31,75.17
2953.65,75.05
2996.61,74.93
3040.20,74.90
3084.42,74.89
3129.29,74.90
3174.80,75.01
3220.98,75.08
3267.83,75.29
3315.36,75.59
3363.59,75.90
3412.51,76.31
3462.15,76.70
3512.50,77.17
3563.59,77.70
3615.43,78.29
3668.02,78.89
3721.37,79.48
3775.50,80.07
3830.41,80.62
3886.13,81.03
3942.65,81.35
4000.00,81.49
4058.18,81.51
4117.21,81.36
4177.10,81.08
4237.85,80.89
4299.49,80.68
4362.03,80.61
4425.48,80.54
4489.85,80.39
4555.15,80.26
4621.41,79.98
4688.63,79.72
4756.83,79.35
4826.02,78.91
4896.21,78.29
4967.43,77.58
5039.68,76.85
5112.99,76.08
5187.36,75.45
5262.81,74.79
5339.36,74.25
5417.02,73.70
5495.81,73.24
5575.75,72.85
5656.85,72.61
5739.14,72.44
5822.61,72.23
5907.30,72.07
5993.23,72.03
6080.40,72.08
6168.84,72.06
6258.57,72.03
6349.60,71.99
6441.96,72.09
6535.66,72.19
6630.73,72.35
6727.17,72.47
6825.02,72.69
6924.29,73.04
7025.01,73.50
7127.19,74.09
7230.86,74.82
7336.03,75.71
7442.74,76.72
7550.99,77.74
7660.83,78.67
7772.26,79.44
7885.31,80.00
8000.00,80.35
8116.36,80.45
8234.42,80.19
8354.19,79.73
8475.70,79.11
8598.99,78.49
8724.06,77.94
8850.96,77.45
8979.70,77.20
9110.31,77.18
9242.82,77.19
9377.26,77.21
9513.66,77.26
9652.04,77.45
9792.43,77.71
9934.86,77.88
10079.37,78.08
10225.98,78.72
10374.72,79.28
10525.62,78.76
10678.72,77.35
10834.04,75.96
10991.63,74.85
11151.51,74.07
11313.71,73.61
11478.27,73.34
11645.23,73.08
11814.61,72.82
11986.46,72.47
12160.80,71.75
12337.69,70.68
12517.14,69.42
12699.21,68.05
12883.92,66.81
13071.32,65.95
13261.45,65.62
13454.34,66.26
13650.04,67.49
13848.58,67.99
14050.02,67.31
14254.38,66.32
14461.71,65.68
14672.06,65.27
14885.47,65.08
15101.99,65.25
15321.65,65.74
15544.51,66.58
15770.61,67.80
16000.00,69.05
16232.73,69.73
16468.84,68.61
16708.38,65.81
16951.41,62.48
17197.97,59.45
17448.12,56.81
17701.91,54.84
17959.39,54.53
18220.62,55.85
18485.64,57.12
18754.52,56.33
19027.31,54.48
19304.07,52.76
19584.86,51.05
19869.72,49.33