19.13,81.13
19.40,81.20
19.69,81.27
19.97,81.34
20.26,81.41
20.56,81.56
20.86,81.63
21.16,81.70
21.47,81.78
21.78,81.81
22.10,82.01
22.42,82.07
22.74,82.14
23.08,82.23
23.41,82.31
23.75,82.36
24.10,82.42
24.45,82.51
24.80,82.57
25.16,82.63
25.53,82.68
25.90,82.74
26.28,82.81
26.66,82.82
27.05,82.88
27.44,82.91
27.84,82.97
28.25,82.94
28.66,82.99
29.07,83.04
29.50,82.88
29.93,82.93
30.36,83.00
30.80,82.95
31.25,83.01
31.70,83.07
32.17,83.14
32.63,83.20
33.11,83.12
33.59,83.18
34.08,83.13
34.57,83.16
35.08,83.21
35.59,83.04
36.10,83.10
36.63,83.16
37.16,83.10
37.70,83.04
38.25,83.12
38.81,83.18
39.37,83.07
39.95,83.12
40.53,83.18
41.12,83.07
41.71,83.12
42.32,83.21
42.94,83.26
43.56,83.20
44.19,83.17
44.84,83.13
45.49,83.18
46.15,83.05
46.82,83.10
47.50,82.93
48.19,82.98
48.90,82.91
49.61,82.77
50.33,82.82
51.06,82.79
51.80,82.84
52.56,82.81
53.32,82.79
54.10,82.85
54.88,82.70
55.68,82.76
56.49,82.70
57.31,82.67
58.15,82.66
58.99,82.56
59.85,82.29
60.72,82.35
61.60,82.26
62.50,82.28
63.41,82.13
64.33,82.20
65.27,82.20
66.22,82.21
67.18,82.18
68.16,82.14
69.15,82.08
70.15,82.04
71.17,81.96
72.21,81.96
73.26,81.86
74.33,81.80
75.41,81.76
76.50,81.64
77.62,81.57
78.75,81.54
79.89,81.55
81.05,81.56
82.23,81.54
83.43,81.58
84.64,81.46
85.87,81.31
87.12,81.23
88.39,81.17
89.67,81.08
90.98,81.02
92.30,80.91
93.64,80.92
95.01,80.88
96.39,80.83
97.79,80.80
99.21,80.62
100.66,80.55
102.12,80.42
103.61,80.24
105.11,80.24
106.64,80.20
108.19,80.12
109.77,80.04
111.36,80.01
112.98,80.03
114.63,79.99
116.29,79.78
117.98,79.67
119.70,79.62
121.44,79.51
123.21,79.43
125.00,79.28
126.82,79.22
128.66,79.21
130.53,79.24
132.43,79.18
134.36,79.09
136.31,78.99
138.30,78.94
140.31,78.91
142.35,78.79
144.42,78.68
146.52,78.64
148.65,78.68
150.81,78.59
153.01,78.56
155.23,78.50
157.49,78.46
159.78,78.43
162.10,78.34
164.46,78.32
166.85,78.21
169.28,78.16
171.74,77.97
174.24,77.94
176.78,77.90
179.35,77.82
181.96,77.67
184.60,77.48
187.29,77.42
190.01,77.33
192.78,77.24
195.58,77.19
198.43,77.07
201.31,76.94
204.24,76.87
207.21,76.83
210.22,76.84
213.28,76.84
216.38,76.79
219.53,76.72
222.72,76.77
225.96,76.77
229.25,76.71
232.59,76.65
235.97,76.64
239.40,76.60
242.88,76.66
246.42,76.64
250.00,76.62
253.64,76.51
257.33,76.45
261.07,76.40
264.87,76.39
268.72,76.32
272.63,76.27
276.59,76.20
280.62,76.11
284.70,76.02
288.84,75.98
293.04,75.88
297.30,75.85
301.63,75.76
306.01,75.77
310.46,75.74
314.98,75.67
319.56,75.52
324.21,75.52
328.93,75.49
333.71,75.47
338.56,75.47
343.49,75.38
348.48,75.41
353.55,75.34
358.70,75.27
363.91,75.26
369.21,75.22
374.58,75.07
380.03,74.99
385.55,74.88
391.16,74.80
396.85,74.79
402.62,74.75
408.48,74.70
414.42,74.65
420.45,74.57
426.56,74.59
432.77,74.59
439.06,74.60
445.45,74.63
451.93,74.59
458.50,74.51
465.17,74.45
471.94,74.37
478.80,74.32
485.77,74.30
492.83,74.21
500.00,74.18
507.27,74.10
514.65,74.11
522.14,73.98
529.73,73.98
537.44,73.95
545.25,73.96
553.18,73.95
561.23,73.84
569.39,73.71
577.68,73.72
586.08,73.64
594.60,73.60
603.25,73.63
612.03,73.54
620.93,73.54
629.96,73.64
639.12,73.61
648.42,73.53
657.85,73.55
667.42,73.55
677.13,73.48
686.98,73.51
696.97,73.53
707.11,73.54
717.39,73.55
727.83,73.56
738.41,73.55
749.15,73.57
760.05,73.59
771.11,73.61
782.32,73.60
793.70,73.60
805.25,73.61
816.96,73.64
828.84,73.72
840.90,73.69
853.13,73.71
865.54,73.71
878.13,73.76
890.90,73.78
903.86,73.85
917.00,73.87
930.34,73.94
943.87,74.07
957.60,74.14
971.53,74.20
985.66,74.36
1000.00,74.49
1014.55,74.58
1029.30,74.72
1044.27,74.86
1059.46,74.97
1074.87,75.12
1090.51,75.24
1106.37,75.39
1122.46,75.53
1138.79,75.75
1155.35,75.95
1172.16,76.12
1189.21,76.34
1206.50,76.55
1224.05,76.71
1241.86,76.90
1259.92,77.14
1278.25,77.35
1296.84,77.58
1315.70,77.86
1334.84,78.06
1354.26,78.29
1373.95,78.51
1393.94,78.72
1414.21,79.02
1434.78,79.30
1455.65,79.67
1476.83,79.87
1498.31,80.24
1520.10,80.43
1542.21,80.74
1564.64,81.04
1587.40,81.32
1610.49,81.61
1633.92,81.99
1657.68,82.33
1681.79,82.48
1706.26,82.74
1731.07,82.94
1756.25,83.06
1781.80,83.12
1807.71,83.12
1834.01,83.06
1860.68,82.87
1887.75,82.62
1915.21,82.34
1943.06,81.95
1971.33,81.58
2000.00,81.17
2029.09,80.78
2058.60,80.39
2088.55,80.07
2118.93,79.80
2149.75,79.50
2181.02,79.20
2212.74,78.83
2244.92,78.47
2277.58,78.05
2310.71,77.68
2344.32,77.29
2378.41,76.93
2413.01,76.60
2448.11,76.26
2483.72,76.01
2519.84,75.76
2556.49,75.55
2593.68,75.35
2631.41,75.23
2669.68,75.08
2708.51,74.97
2747.91,74.93
2787.88,74.83
2828.43,74.80
2869.57,74.85
2911.31,74.88
2953.65,75.00
2996.61,75.11
3040.20,75.31
3084.42,75.53
3129.29,75.76
3174.80,76.09
3220.98,76.38
3267.83,76.80
3315.36,77.30
3363.59,77.79
3412.51,78.36
3462.15,78.89
3512.50,79.42
3563.59,79.94
3615.43,80.36
3668.02,80.68
3721.37,80.82
3775.50,80.85
3830.41,80.75
3886.13,80.54
3942.65,80.34
4000.00,80.07
4058.18,79.80
4117.21,79.55
4177.10,79.30
4237.85,79.18
4299.49,79.09
4362.03,79.13
4425.48,79.18
4489.85,79.14
4555.15,79.14
4621.41,79.02
4688.63,78.93
4756.83,78.72
4826.02,78.45
4896.21,77.97
4967.43,77.37
5039.68,76.70
5112.99,75.95
5187.36,75.30
5262.81,74.61
5339.36,74.02
5417.02,73.40
5495.81,72.82
5575.75,72.33
5656.85,71.98
5739.14,71.67
5822.61,71.30
5907.30,71.00
5993.23,70.87
6080.40,70.87
6168.84,70.85
6258.57,70.93
6349.60,71.10
6441.96,71.40
6535.66,71.79
6630.73,72.36
6727.17,72.95
6825.02,73.56
6924.29,74.17
7025.01,74.77
7127.19,75.36
7230.86,75.99
7336.03,76.73
7442.74,77.57
7550.99,78.44
7660.83,79.26
7772.26,79.95
7885.31,80.45
8000.00,80.66
8116.36,80.59
8234.42,80.20
8354.19,79.69
8475.70,79.12
8598.99,78.64
8724.06,78.23
8850.96,77.91
8979.70,77.81
9110.31,77.88
9242.82,78.01
9377.26,78.21
9513.66,78.35
9652.04,78.57
9792.43,78.90
9934.86,79.34
10079.37,79.41
10225.98,78.29
10374.72,76.13
10525.62,73.89
10678.72,73.23
10834.04,74.56
10991.63,75.48
11151.51,75.15
11313.71,74.72
11478.27,74.42
11645.23,74.05
11814.61,73.61
11986.46,73.00
12160.80,72.08
12337.69,70.91
12517.14,69.69
12699.21,68.49
12883.92,67.43
13071.32,66.58
13261.45,65.73
13454.34,64.91
13650.04,64.30
13848.58,63.89
14050.02,63.39
14254.38,62.90
14461.71,62.69
14672.06,62.61
14885.47,62.62
15101.99,62.87
15321.65,63.29
15544.51,63.93
15770.61,64.86
16000.00,65.95
16232.73,67.09
16468.84,67.89
16708.38,67.70
16951.41,65.98
17197.97,63.62
17448.12,61.88
17701.91,61.16
17959.39,59.94
18220.62,57.84
18485.64,56.08
18754.52,54.53
19027.31,53.13
19304.07,51.81
19584.86,50.45
19869.72,48.71