19.13,69.82
19.40,69.90
19.69,69.98
19.97,70.05
20.26,70.13
20.56,70.21
20.86,70.28
21.16,70.36
21.47,70.43
21.78,70.53
22.10,70.71
22.42,70.78
22.74,70.86
23.08,71.01
23.41,71.09
23.75,71.23
24.10,71.30
24.45,71.39
24.80,71.46
25.16,71.53
25.53,71.69
25.90,71.76
26.28,71.83
26.66,71.93
27.05,71.99
27.44,72.05
27.84,72.12
28.25,72.14
28.66,72.21
29.07,72.31
29.50,72.25
29.93,72.31
30.36,72.38
30.80,72.50
31.25,72.56
31.70,72.62
32.17,72.77
32.63,72.83
33.11,72.79
33.59,72.85
34.08,72.86
34.57,72.90
35.08,72.96
35.59,72.88
36.10,72.94
36.63,73.00
37.16,72.99
37.70,72.97
38.25,73.10
38.81,73.15
39.37,73.13
39.95,73.18
40.53,73.23
41.12,73.24
41.71,73.29
42.32,73.44
42.94,73.49
43.56,73.48
44.19,73.46
44.84,73.47
45.49,73.52
46.15,73.49
46.82,73.54
47.50,73.49
48.19,73.53
48.90,73.53
49.61,73.51
50.33,73.56
51.06,73.63
51.80,73.68
52.56,73.73
53.32,73.74
54.10,73.79
54.88,73.76
55.68,73.81
56.49,73.85
57.31,73.86
58.15,73.89
58.99,73.82
59.85,73.65
60.72,73.70
61.60,73.71
62.50,73.78
63.41,73.70
64.33,73.83
65.27,73.87
66.22,73.92
67.18,73.93
68.16,73.95
69.15,73.94
70.15,73.92
71.17,73.94
72.21,73.98
73.26,73.98
74.33,73.96
75.41,73.94
76.50,73.88
77.62,73.88
78.75,73.89
79.89,73.97
81.05,74.05
82.23,74.08
83.43,74.13
84.64,74.06
85.87,73.98
87.12,73.94
88.39,73.94
89.67,73.93
90.98,73.93
92.30,73.88
93.64,73.92
95.01,73.94
96.39,73.96
97.79,74.01
99.21,73.95
100.66,73.96
102.12,73.89
103.61,73.79
105.11,73.84
106.64,73.88
108.19,73.87
109.77,73.90
111.36,73.95
112.98,74.03
114.63,74.07
116.29,73.98
117.98,73.95
119.70,73.96
121.44,73.92
123.21,73.91
125.00,73.84
126.82,73.85
128.66,73.90
130.53,73.97
132.43,73.97
134.36,73.96
136.31,73.92
138.30,73.96
140.31,73.98
142.35,73.91
144.42,73.85
146.52,73.86
148.65,73.94
150.81,73.93
153.01,73.98
155.23,73.99
157.49,74.02
159.78,74.06
162.10,74.03
164.46,74.06
166.85,74.04
169.28,74.03
171.74,73.91
174.24,73.93
176.78,73.96
179.35,73.94
181.96,73.86
184.60,73.76
187.29,73.76
190.01,73.76
192.78,73.74
195.58,73.73
198.43,73.66
201.31,73.56
204.24,73.57
207.21,73.58
210.22,73.64
213.28,73.69
216.38,73.69
219.53,73.67
222.72,73.75
225.96,73.77
229.25,73.76
232.59,73.74
235.97,73.78
239.40,73.77
242.88,73.87
246.42,73.90
250.00,73.91
253.64,73.85
257.33,73.82
261.07,73.83
264.87,73.85
268.72,73.84
272.63,73.81
276.59,73.76
280.62,73.71
284.70,73.68
288.84,73.65
293.04,73.60
297.30,73.60
301.63,73.58
306.01,73.61
310.46,73.61
314.98,73.58
319.56,73.47
324.21,73.49
328.93,73.47
333.71,73.48
338.56,73.49
343.49,73.45
348.48,73.47
353.55,73.43
358.70,73.39
363.91,73.41
369.21,73.41
374.58,73.30
380.03,73.26
385.55,73.20
391.16,73.15
396.85,73.18
402.62,73.16
408.48,73.14
414.42,73.13
420.45,73.07
426.56,73.14
432.77,73.17
439.06,73.20
445.45,73.23
451.93,73.18
458.50,73.09
465.17,73.07
471.94,73.01
478.80,73.01
485.77,73.02
492.83,72.97
500.00,72.97
507.27,72.94
514.65,72.95
522.14,72.85
529.73,72.82
537.44,72.75
545.25,72.70
553.18,72.62
561.23,72.45
569.39,72.31
577.68,72.30
586.08,72.20
594.60,72.14
603.25,72.15
612.03,72.02
620.93,71.97
629.96,71.96
639.12,71.89
648.42,71.80
657.85,71.80
667.42,71.79
677.13,71.71
686.98,71.77
696.97,71.81
707.11,71.82
717.39,71.84
727.83,71.85
738.41,71.90
749.15,72.00
760.05,72.02
771.11,72.00
782.32,71.95
793.70,71.90
805.25,71.84
816.96,71.79
828.84,71.70
840.90,71.56
853.13,71.51
865.54,71.43
878.13,71.40
890.90,71.36
903.86,71.34
917.00,71.28
930.34,71.26
943.87,71.28
957.60,71.22
971.53,71.18
985.66,71.21
1000.00,71.19
1014.55,71.19
1029.30,71.19
1044.27,71.20
1059.46,71.19
1074.87,71.22
1090.51,71.24
1106.37,71.29
1122.46,71.33
1138.79,71.45
1155.35,71.55
1172.16,71.62
1189.21,71.72
1206.50,71.82
1224.05,71.88
1241.86,71.95
1259.92,72.05
1278.25,72.15
1296.84,72.23
1315.70,72.35
1334.84,72.40
1354.26,72.48
1373.95,72.54
1393.94,72.57
1414.21,72.69
1434.78,72.78
1455.65,72.94
1476.83,72.95
1498.31,73.10
1520.10,73.09
1542.21,73.18
1564.64,73.26
1587.40,73.32
1610.49,73.40
1633.92,73.58
1657.68,73.72
1681.79,73.73
1706.26,73.87
1731.07,73.98
1756.25,74.07
1781.80,74.17
1807.71,74.27
1834.01,74.38
1860.68,74.43
1887.75,74.46
1915.21,74.50
1943.06,74.48
1971.33,74.53
2000.00,74.54
2029.09,74.59
2058.60,74.65
2088.55,74.75
2118.93,74.88
2149.75,74.98
2181.02,75.10
2212.74,75.17
2244.92,75.30
2277.58,75.39
2310.71,75.54
2344.32,75.65
2378.41,75.77
2413.01,75.90
2448.11,75.96
2483.72,76.06
2519.84,76.14
2556.49,76.18
2593.68,76.19
2631.41,76.23
2669.68,76.20
2708.51,76.17
2747.91,76.20
2787.88,76.14
2828.43,76.10
2869.57,76.10
2911.31,76.01
2953.65,75.98
2996.61,75.89
3040.20,75.84
3084.42,75.77
3129.29,75.66
3174.80,75.57
3220.98,75.40
3267.83,75.31
3315.36,75.23
3363.59,75.12
3412.51,75.03
3462.15,74.89
3512.50,74.72
3563.59,74.57
3615.43,74.43
3668.02,74.27
3721.37,74.10
3775.50,73.95
3830.41,73.81
3886.13,73.68
3942.65,73.63
4000.00,73.55
4058.18,73.47
4117.21,73.38
4177.10,73.22
4237.85,73.15
4299.49,73.04
4362.03,73.05
4425.48,73.03
4489.85,72.93
4555.15,72.89
4621.41,72.83
4688.63,72.87
4756.83,72.94
4826.02,73.05
4896.21,73.11
4967.43,73.12
5039.68,73.17
5112.99,73.20
5187.36,73.35
5262.81,73.46
5339.36,73.60
5417.02,73.72
5495.81,73.83
5575.75,73.95
5656.85,74.11
5739.14,74.24
5822.61,74.27
5907.30,74.32
5993.23,74.44
6080.40,74.59
6168.84,74.62
6258.57,74.66
6349.60,74.64
6441.96,74.65
6535.66,74.55
6630.73,74.53
6727.17,74.43
6825.02,74.32
6924.29,74.19
7025.01,74.03
7127.19,73.87
7230.86,73.72
7336.03,73.60
7442.74,73.52
7550.99,73.41
7660.83,73.22
7772.26,73.03
7885.31,72.82
8000.00,72.64
8116.36,72.42
8234.42,72.17
8354.19,71.85
8475.70,71.43
8598.99,70.96
8724.06,70.39
8850.96,69.72
8979.70,69.02
9110.31,68.16
9242.82,67.10
9377.26,66.00
9513.66,64.88
9652.04,63.93
9792.43,63.15
9934.86,62.78
10079.37,62.26
10225.98,61.46
10374.72,61.10
10525.62,61.28
10678.72,61.55
10834.04,61.63
10991.63,61.49
11151.51,61.26
11313.71,61.04
11478.27,60.80
11645.23,60.47
11814.61,60.17
11986.46,59.98
12160.80,59.79
12337.69,59.55
12517.14,59.35
12699.21,59.10
12883.92,58.87
13071.32,58.74
13261.45,58.50
13454.34,58.24
13650.04,58.09
13848.58,58.08
14050.02,57.95
14254.38,57.75
14461.71,57.67
14672.06,57.59
14885.47,57.43
15101.99,57.31
15321.65,57.17
15544.51,57.02
15770.61,56.86
16000.00,56.50
16232.73,55.98
16468.84,55.08
16708.38,53.75
16951.41,52.05
17197.97,50.20
17448.12,48.21
17701.91,46.22
17959.39,44.33
18220.62,42.68
18485.64,41.28
18754.52,40.21
19027.31,39.40
19304.07,38.67
19584.86,37.87
19869.72,36.61