19.13,8.60
19.40,8.61
19.69,8.63
19.97,8.64
20.26,8.65
20.56,8.66
20.86,8.67
21.16,8.68
21.47,8.69
21.78,8.70
22.10,8.71
22.42,8.71
22.74,8.72
23.08,8.72
23.41,8.73
23.75,8.73
24.10,8.73
24.45,8.73
24.80,8.73
25.16,8.73
25.53,8.73
25.90,8.73
26.28,8.73
26.66,8.72
27.05,8.72
27.44,8.71
27.84,8.71
28.25,8.70
28.66,8.69
29.07,8.68
29.50,8.67
29.93,8.66
30.36,8.65
30.80,8.64
31.25,8.62
31.70,8.61
32.17,8.59
32.63,8.58
33.11,8.56
33.59,8.54
34.08,8.52
34.57,8.50
35.08,8.48
35.59,8.46
36.10,8.44
36.63,8.42
37.16,8.39
37.70,8.37
38.25,8.34
38.81,8.31
39.37,8.28
39.95,8.25
40.53,8.22
41.12,8.19
41.71,8.16
42.32,8.12
42.94,8.09
43.56,8.05
44.19,8.02
44.84,7.98
45.49,7.94
46.15,7.90
46.82,7.86
47.50,7.81
48.19,7.77
48.90,7.72
49.61,7.68
50.33,7.63
51.06,7.58
51.80,7.53
52.56,7.48
53.32,7.43
54.10,7.38
54.88,7.32
55.68,7.27
56.49,7.21
57.31,7.15
58.15,7.09
58.99,7.03
59.85,6.97
60.72,6.91
61.60,6.84
62.50,6.78
63.41,6.71
64.33,6.64
65.27,6.58
66.22,6.51
67.18,6.43
68.16,6.36
69.15,6.29
70.15,6.21
71.17,6.14
72.21,6.06
73.26,5.98
74.33,5.91
75.41,5.83
76.50,5.74
77.62,5.66
78.75,5.58
79.89,5.50
81.05,5.41
82.23,5.33
83.43,5.24
84.64,5.15
85.87,5.06
87.12,4.98
88.39,4.89
89.67,4.80
90.98,4.70
92.30,4.61
93.64,4.52
95.01,4.43
96.39,4.33
97.79,4.24
99.21,4.15
100.66,4.05
102.12,3.96
103.61,3.86
105.11,3.77
106.64,3.67
108.19,3.58
109.77,3.48
111.36,3.39
112.98,3.29
114.63,3.20
116.29,3.10
117.98,3.01
119.70,2.91
121.44,2.82
123.21,2.73
125.00,2.63
126.82,2.54
128.66,2.45
130.53,2.36
132.43,2.27
134.36,2.18
136.31,2.09
138.30,2.00
140.31,1.92
142.35,1.83
144.42,1.75
146.52,1.66
148.65,1.58
150.81,1.50
153.01,1.42
155.23,1.34
157.49,1.27
159.78,1.19
162.10,1.12
164.46,1.04
166.85,0.97
169.28,0.90
171.74,0.84
174.24,0.77
176.78,0.70
179.35,0.64
181.96,0.58
184.60,0.52
187.29,0.46
190.01,0.41
192.78,0.35
195.58,0.30
198.43,0.25
201.31,0.20
204.24,0.15
207.21,0.11
210.22,0.07
213.28,0.03
216.38,-0.01
219.53,-0.05
222.72,-0.09
225.96,-0.12
229.25,-0.15
232.59,-0.19
235.97,-0.21
239.40,-0.24
242.88,-0.27
246.42,-0.29
250.00,-0.31
253.64,-0.34
257.33,-0.36
261.07,-0.37
264.87,-0.39
268.72,-0.40
272.63,-0.42
276.59,-0.43
280.62,-0.44
284.70,-0.45
288.84,-0.46
293.04,-0.47
297.30,-0.48
301.63,-0.48
306.01,-0.49
310.46,-0.49
314.98,-0.49
319.56,-0.49
324.21,-0.50
328.93,-0.50
333.71,-0.49
338.56,-0.49
343.49,-0.49
348.48,-0.49
353.55,-0.49
358.70,-0.48
363.91,-0.48
369.21,-0.47
374.58,-0.47
380.03,-0.46
385.55,-0.45
391.16,-0.45
396.85,-0.44
402.62,-0.43
408.48,-0.42
414.42,-0.41
420.45,-0.40
426.56,-0.39
432.77,-0.38
439.06,-0.37
445.45,-0.36
451.93,-0.35
458.50,-0.34
465.17,-0.33
471.94,-0.32
478.80,-0.30
485.77,-0.29
492.83,-0.28
500.00,-0.26
507.27,-0.25
514.65,-0.23
522.14,-0.22
529.73,-0.20
537.44,-0.19
545.25,-0.17
553.18,-0.15
561.23,-0.14
569.39,-0.12
577.68,-0.10
586.08,-0.08
594.60,-0.06
603.25,-0.04
612.03,-0.02
620.93,0.00
629.96,0.02
639.12,0.05
648.42,0.07
657.85,0.09
667.42,0.12
677.13,0.14
686.98,0.17
696.97,0.20
707.11,0.22
717.39,0.25
727.83,0.28
738.41,0.31
749.15,0.34
760.05,0.38
771.11,0.41
782.32,0.44
793.70,0.48
805.25,0.51
816.96,0.55
828.84,0.59
840.90,0.63
853.13,0.67
865.54,0.71
878.13,0.76
890.90,0.80
903.86,0.85
917.00,0.89
930.34,0.94
943.87,0.99
957.60,1.04
971.53,1.10
985.66,1.15
1000.00,1.21
1014.55,1.26
1029.30,1.32
1044.27,1.39
1059.46,1.45
1074.87,1.51
1090.51,1.58
1106.37,1.65
1122.46,1.72
1138.79,1.79
1155.35,1.87
1172.16,1.94
1189.21,2.02
1206.50,2.10
1224.05,2.19
1241.86,2.27
1259.92,2.36
1278.25,2.45
1296.84,2.54
1315.70,2.64
1334.84,2.74
1354.26,2.84
1373.95,2.94
1393.94,3.05
1414.21,3.16
1434.78,3.27
1455.65,3.38
1476.83,3.50
1498.31,3.62
1520.10,3.74
1542.21,3.87
1564.64,4.00
1587.40,4.13
1610.49,4.26
1633.92,4.40
1657.68,4.54
1681.79,4.68
1706.26,4.83
1731.07,4.98
1756.25,5.13
1781.80,5.28
1807.71,5.44
1834.01,5.60
1860.68,5.76
1887.75,5.92
1915.21,6.08
1943.06,6.25
1971.33,6.42
2000.00,6.59
2029.09,6.76
2058.60,6.93
2088.55,7.10
2118.93,7.27
2149.75,7.44
2181.02,7.62
2212.74,7.79
2244.92,7.95
2277.58,8.12
2310.71,8.29
2344.32,8.45
2378.41,8.61
2413.01,8.76
2448.11,8.92
2483.72,9.06
2519.84,9.20
2556.49,9.34
2593.68,9.47
2631.41,9.59
2669.68,9.71
2708.51,9.82
2747.91,9.92
2787.88,10.02
2828.43,10.10
2869.57,10.18
2911.31,10.25
2953.65,10.31
2996.61,10.36
3040.20,10.40
3084.42,10.44
3129.29,10.46
3174.80,10.48
3220.98,10.49
3267.83,10.49
3315.36,10.48
3363.59,10.46
3412.51,10.44
3462.15,10.41
3512.50,10.38
3563.59,10.34
3615.43,10.29
3668.02,10.24
3721.37,10.19
3775.50,10.13
3830.41,10.07
3886.13,10.01
3942.65,9.94
4000.00,9.87
4058.18,9.80
4117.21,9.73
4177.10,9.66
4237.85,9.59
4299.49,9.51
4362.03,9.44
4425.48,9.36
4489.85,9.29
4555.15,9.21
4621.41,9.14
4688.63,9.06
4756.83,8.99
4826.02,8.91
4896.21,8.84
4967.43,8.76
5039.68,8.69
5112.99,8.62
5187.36,8.54
5262.81,8.47
5339.36,8.40
5417.02,8.33
5495.81,8.25
5575.75,8.18
5656.85,8.10
5739.14,8.02
5822.61,7.94
5907.30,7.85
5993.23,7.76
6080.40,7.66
6168.84,7.56
6258.57,7.46
6349.60,7.34
6441.96,7.22
6535.66,7.09
6630.73,6.95
6727.17,6.80
6825.02,6.65
6924.29,6.48
7025.01,6.31
7127.19,6.12
7230.86,5.93
7336.03,5.73
7442.74,5.52
7550.99,5.30
7660.83,5.08
7772.26,4.84
7885.31,4.61
8000.00,4.36
8116.36,4.11
8234.42,3.86
8354.19,3.60
8475.70,3.34
8598.99,3.08
8724.06,2.81
8850.96,2.54
8979.70,2.27
9110.31,2.00
9242.82,1.73
9377.26,1.45
9513.66,1.18
9652.04,0.91
9792.43,0.64
9934.86,0.36
10079.37,0.09
10225.98,-0.18
10374.72,-0.45
10525.62,-0.71
10678.72,-0.98
10834.04,-1.24
10991.63,-1.50
11151.51,-1.76
11313.71,-2.02
11478.27,-2.27
11645.23,-2.53
11814.61,-2.78
11986.46,-3.03
12160.80,-3.29
12337.69,-3.54
12517.14,-3.79
12699.21,-4.05
12883.92,-4.31
13071.32,-4.58
13261.45,-4.85
13454.34,-5.13
13650.04,-5.42
13848.58,-5.73
14050.02,-6.04
14254.38,-6.37
14461.71,-6.71
14672.06,-7.07
14885.47,-7.45
15101.99,-7.85
15321.65,-8.28
15544.51,-8.72
15770.61,-9.19
16000.00,-9.69
16232.73,-10.21
16468.84,-10.77
16708.38,-11.34
16951.41,-11.95
17197.97,-12.58
17448.12,-13.23
17701.91,-13.90
17959.39,-14.57
18220.62,-15.24
18485.64,-15.89
18754.52,-16.49
19027.31,-17.03
19304.07,-17.46
19584.86,-17.75
19869.72,-17.84