19.13,85.88
19.40,85.94
19.69,86.01
19.97,86.07
20.26,86.13
20.56,86.21
20.86,86.27
21.16,86.33
21.47,86.39
21.78,86.50
22.10,86.85
22.42,86.91
22.74,86.97
23.08,87.10
23.41,87.16
23.75,87.29
24.10,87.36
24.45,87.37
24.80,87.43
25.16,87.50
25.53,87.60
25.90,87.67
26.28,87.73
26.66,87.94
27.05,88.01
27.44,87.99
27.84,88.05
28.25,88.21
28.66,88.27
29.07,88.42
29.50,88.35
29.93,88.42
30.36,88.49
30.80,88.65
31.25,88.71
31.70,88.78
32.17,88.92
32.63,88.99
33.11,88.99
33.59,89.05
34.08,89.11
34.57,89.14
35.08,89.21
35.59,89.21
36.10,89.27
36.63,89.34
37.16,89.33
37.70,89.34
38.25,89.44
38.81,89.51
39.37,89.38
39.95,89.45
40.53,89.52
41.12,89.35
41.71,89.42
42.32,89.53
42.94,89.60
43.56,89.57
44.19,89.59
44.84,89.58
45.49,89.65
46.15,89.57
46.82,89.64
47.50,89.49
48.19,89.57
48.90,89.47
49.61,89.30
50.33,89.37
51.06,89.36
51.80,89.43
52.56,89.41
53.32,89.49
54.10,89.56
54.88,89.40
55.68,89.48
56.49,89.46
57.31,89.53
58.15,89.58
58.99,89.60
59.85,89.50
60.72,89.57
61.60,89.55
62.50,89.61
63.41,89.54
64.33,89.63
65.27,89.61
66.22,89.74
67.18,89.75
68.16,89.95
69.15,89.98
70.15,90.01
71.17,89.97
72.21,89.99
73.26,89.95
74.33,90.02
75.41,90.06
76.50,90.03
77.62,89.94
78.75,89.98
79.89,89.96
81.05,89.93
82.23,89.93
83.43,90.00
84.64,90.03
85.87,90.04
87.12,89.99
88.39,89.98
89.67,89.94
90.98,89.92
92.30,89.94
93.64,90.03
95.01,90.12
96.39,90.22
97.79,90.29
99.21,90.30
100.66,90.34
102.12,90.27
103.61,90.23
105.11,90.22
106.64,90.28
108.19,90.23
109.77,89.94
111.36,90.00
112.98,90.10
114.63,90.16
116.29,89.96
117.98,89.92
119.70,89.92
121.44,89.95
123.21,89.94
125.00,89.86
126.82,89.63
128.66,89.90
130.53,90.01
132.43,90.09
134.36,90.03
136.31,90.23
138.30,90.18
140.31,90.06
142.35,89.77
144.42,89.67
146.52,89.83
148.65,89.83
150.81,89.70
153.01,89.62
155.23,89.61
157.49,89.49
159.78,89.49
162.10,89.40
164.46,89.37
166.85,89.19
169.28,89.26
171.74,89.37
174.24,89.43
176.78,89.47
179.35,89.43
181.96,89.41
184.60,89.30
187.29,89.20
190.01,89.11
192.78,89.03
195.58,89.08
198.43,89.21
201.31,89.24
204.24,89.24
207.21,89.20
210.22,89.02
213.28,88.97
216.38,88.91
219.53,88.73
222.72,88.73
225.96,88.92
229.25,88.93
232.59,88.75
235.97,88.80
239.40,88.63
242.88,88.29
246.42,88.22
250.00,88.29
253.64,88.33
257.33,88.37
261.07,88.56
264.87,88.63
268.72,88.43
272.63,88.31
276.59,88.04
280.62,87.94
284.70,87.97
288.84,88.20
293.04,88.19
297.30,88.14
301.63,87.74
306.01,87.79
310.46,87.47
314.98,87.43
319.56,87.51
324.21,87.65
328.93,87.47
333.71,87.34
338.56,87.24
343.49,87.02
348.48,87.24
353.55,86.96
358.70,86.88
363.91,86.97
369.21,86.88
374.58,86.60
380.03,86.45
385.55,86.34
391.16,86.25
396.85,86.03
402.62,85.71
408.48,85.78
414.42,85.78
420.45,85.67
426.56,85.59
432.77,85.58
439.06,85.64
445.45,85.67
451.93,85.47
458.50,85.53
465.17,85.40
471.94,85.17
478.80,84.99
485.77,84.59
492.83,84.55
500.00,84.17
507.27,83.84
514.65,83.93
522.14,83.97
529.73,83.98
537.44,83.83
545.25,83.69
553.18,83.76
561.23,83.46
569.39,83.51
577.68,83.37
586.08,83.00
594.60,82.99
603.25,82.75
612.03,82.72
620.93,82.59
629.96,82.94
639.12,82.72
648.42,82.50
657.85,82.60
667.42,82.46
677.13,82.35
686.98,82.31
696.97,82.16
707.11,82.11
717.39,82.09
727.83,81.75
738.41,81.57
749.15,81.81
760.05,81.67
771.11,81.61
782.32,81.39
793.70,81.37
805.25,81.55
816.96,81.54
828.84,81.26
840.90,81.35
853.13,81.37
865.54,81.18
878.13,81.27
890.90,80.91
903.86,80.75
917.00,80.82
930.34,80.56
943.87,80.47
957.60,80.38
971.53,80.27
985.66,80.10
1000.00,80.12
1014.55,79.92
1029.30,80.11
1044.27,79.71
1059.46,79.42
1074.87,79.51
1090.51,79.35
1106.37,79.29
1122.46,79.22
1138.79,79.31
1155.35,79.31
1172.16,79.30
1189.21,79.26
1206.50,79.16
1224.05,78.95
1241.86,78.85
1259.92,78.83
1278.25,78.55
1296.84,78.58
1315.70,78.52
1334.84,78.53
1354.26,78.40
1373.95,78.50
1393.94,78.29
1414.21,78.11
1434.78,78.02
1455.65,78.08
1476.83,77.95
1498.31,78.13
1520.10,78.02
1542.21,77.93
1564.64,78.08
1587.40,78.01
1610.49,78.00
1633.92,77.97
1657.68,78.02
1681.79,77.90
1706.26,77.91
1731.07,78.25
1756.25,78.25
1781.80,78.66
1807.71,79.13
1834.01,79.65
1860.68,79.93
1887.75,80.04
1915.21,80.34
1943.06,80.73
1971.33,80.90
2000.00,81.01
2029.09,81.40
2058.60,81.75
2088.55,81.89
2118.93,81.81
2149.75,81.69
2181.02,81.56
2212.74,81.31
2244.92,81.59
2277.58,81.79
2310.71,82.11
2344.32,82.40
2378.41,82.68
2413.01,82.81
2448.11,82.74
2483.72,82.70
2519.84,82.68
2556.49,82.56
2593.68,82.77
2631.41,82.80
2669.68,82.83
2708.51,83.11
2747.91,83.24
2787.88,83.27
2828.43,83.46
2869.57,83.62
2911.31,83.75
2953.65,84.08
2996.61,84.11
3040.20,84.24
3084.42,84.17
3129.29,84.14
3174.80,84.54
3220.98,84.74
3267.83,85.16
3315.36,85.46
3363.59,85.44
3412.51,85.58
3462.15,85.36
3512.50,85.53
3563.59,85.54
3615.43,85.59
3668.02,85.82
3721.37,85.79
3775.50,85.88
3830.41,85.83
3886.13,85.94
3942.65,85.97
4000.00,86.12
4058.18,86.20
4117.21,86.58
4177.10,86.84
4237.85,87.17
4299.49,87.33
4362.03,87.94
4425.48,88.29
4489.85,88.71
4555.15,88.51
4621.41,88.54
4688.63,88.43
4756.83,88.32
4826.02,88.20
4896.21,87.61
4967.43,87.12
5039.68,86.15
5112.99,85.63
5187.36,85.13
5262.81,84.65
5339.36,84.16
5417.02,83.55
5495.81,83.02
5575.75,82.41
5656.85,81.91
5739.14,81.40
5822.61,80.92
5907.30,80.51
5993.23,80.25
6080.40,80.13
6168.84,79.90
6258.57,79.64
6349.60,79.51
6441.96,79.47
6535.66,79.66
6630.73,79.94
6727.17,79.93
6825.02,80.01
6924.29,80.24
7025.01,80.44
7127.19,80.75
7230.86,81.00
7336.03,81.51
7442.74,82.31
7550.99,82.90
7660.83,83.53
7772.26,84.08
7885.31,84.99
8000.00,85.85
8116.36,86.49
8234.42,87.20
8354.19,87.44
8475.70,87.66
8598.99,87.88
8724.06,87.64
8850.96,87.34
8979.70,87.03
9110.31,86.55
9242.82,86.05
9377.26,85.06
9513.66,83.65
9652.04,82.13
9792.43,80.70
9934.86,79.22
10079.37,77.75
10225.98,76.57
10374.72,75.53
10525.62,74.54
10678.72,73.93
10834.04,73.73
10991.63,73.35
11151.51,73.15
11313.71,73.21
11478.27,73.26
11645.23,73.06
11814.61,73.08
11986.46,73.35
12160.80,73.68
12337.69,73.55
12517.14,73.49
12699.21,73.71
12883.92,73.88
13071.32,73.87
13261.45,73.67
13454.34,73.17
13650.04,72.68
13848.58,72.14
14050.02,71.64
14254.38,71.11
14461.71,70.61
14672.06,70.04
14885.47,69.51
15101.99,69.05
15321.65,68.89
15544.51,68.92
15770.61,68.85
16000.00,68.96
16232.73,69.14
16468.84,69.65
16708.38,69.81
16951.41,69.54
17197.97,69.86
17448.12,69.32
17701.91,69.22
17959.39,68.62
18220.62,68.15
18485.64,67.88
18754.52,67.29
19027.31,66.54
19304.07,66.16
19584.86,65.90
19869.72,65.38