19.13,4.99
19.40,5.00
19.69,5.01
19.97,5.02
20.26,5.03
20.56,5.04
20.86,5.05
21.16,5.06
21.47,5.06
21.78,5.07
22.10,5.08
22.42,5.08
22.74,5.09
23.08,5.09
23.41,5.09
23.75,5.10
24.10,5.10
24.45,5.10
24.80,5.10
25.16,5.10
25.53,5.10
25.90,5.10
26.28,5.10
26.66,5.09
27.05,5.09
27.44,5.09
27.84,5.08
28.25,5.08
28.66,5.07
29.07,5.06
29.50,5.06
29.93,5.05
30.36,5.04
30.80,5.03
31.25,5.02
31.70,5.01
32.17,5.00
32.63,4.99
33.11,4.97
33.59,4.96
34.08,4.95
34.57,4.93
35.08,4.92
35.59,4.90
36.10,4.88
36.63,4.87
37.16,4.85
37.70,4.83
38.25,4.81
38.81,4.79
39.37,4.77
39.95,4.75
40.53,4.73
41.12,4.70
41.71,4.68
42.32,4.66
42.94,4.63
43.56,4.61
44.19,4.58
44.84,4.55
45.49,4.53
46.15,4.50
46.82,4.47
47.50,4.44
48.19,4.41
48.90,4.38
49.61,4.35
50.33,4.32
51.06,4.29
51.80,4.26
52.56,4.22
53.32,4.19
54.10,4.16
54.88,4.12
55.68,4.09
56.49,4.05
57.31,4.02
58.15,3.98
58.99,3.94
59.85,3.90
60.72,3.87
61.60,3.83
62.50,3.79
63.41,3.75
64.33,3.71
65.27,3.67
66.22,3.63
67.18,3.59
68.16,3.55
69.15,3.51
70.15,3.47
71.17,3.43
72.21,3.38
73.26,3.34
74.33,3.30
75.41,3.26
76.50,3.22
77.62,3.17
78.75,3.13
79.89,3.09
81.05,3.04
82.23,3.00
83.43,2.96
84.64,2.92
85.87,2.87
87.12,2.83
88.39,2.79
89.67,2.74
90.98,2.70
92.30,2.66
93.64,2.62
95.01,2.57
96.39,2.53
97.79,2.49
99.21,2.45
100.66,2.41
102.12,2.36
103.61,2.32
105.11,2.28
106.64,2.24
108.19,2.20
109.77,2.16
111.36,2.12
112.98,2.08
114.63,2.04
116.29,2.00
117.98,1.97
119.70,1.93
121.44,1.89
123.21,1.85
125.00,1.82
126.82,1.78
128.66,1.74
130.53,1.71
132.43,1.67
134.36,1.64
136.31,1.60
138.30,1.57
140.31,1.54
142.35,1.50
144.42,1.47
146.52,1.44
148.65,1.41
150.81,1.38
153.01,1.35
155.23,1.32
157.49,1.29
159.78,1.26
162.10,1.23
164.46,1.20
166.85,1.17
169.28,1.15
171.74,1.12
174.24,1.09
176.78,1.07
179.35,1.04
181.96,1.02
184.60,0.99
187.29,0.97
190.01,0.94
192.78,0.92
195.58,0.90
198.43,0.88
201.31,0.86
204.24,0.83
207.21,0.81
210.22,0.79
213.28,0.77
216.38,0.75
219.53,0.73
222.72,0.72
225.96,0.70
229.25,0.68
232.59,0.66
235.97,0.64
239.40,0.63
242.88,0.61
246.42,0.59
250.00,0.58
253.64,0.56
257.33,0.55
261.07,0.53
264.87,0.52
268.72,0.50
272.63,0.49
276.59,0.48
280.62,0.46
284.70,0.45
288.84,0.44
293.04,0.42
297.30,0.41
301.63,0.40
306.01,0.39
310.46,0.38
314.98,0.36
319.56,0.35
324.21,0.34
328.93,0.33
333.71,0.32
338.56,0.31
343.49,0.30
348.48,0.29
353.55,0.28
358.70,0.27
363.91,0.26
369.21,0.25
374.58,0.24
380.03,0.23
385.55,0.22
391.16,0.21
396.85,0.20
402.62,0.20
408.48,0.19
414.42,0.18
420.45,0.17
426.56,0.16
432.77,0.15
439.06,0.14
445.45,0.13
451.93,0.13
458.50,0.12
465.17,0.11
471.94,0.10
478.80,0.09
485.77,0.08
492.83,0.07
500.00,0.06
507.27,0.06
514.65,0.05
522.14,0.04
529.73,0.03
537.44,0.02
545.25,0.01
553.18,0.00
561.23,-0.01
569.39,-0.02
577.68,-0.02
586.08,-0.03
594.60,-0.04
603.25,-0.05
612.03,-0.06
620.93,-0.07
629.96,-0.07
639.12,-0.08
648.42,-0.09
657.85,-0.10
667.42,-0.10
677.13,-0.11
686.98,-0.11
696.97,-0.12
707.11,-0.12
717.39,-0.12
727.83,-0.12
738.41,-0.12
749.15,-0.12
760.05,-0.12
771.11,-0.11
782.32,-0.11
793.70,-0.10
805.25,-0.09
816.96,-0.08
828.84,-0.06
840.90,-0.05
853.13,-0.03
865.54,-0.01
878.13,0.02
890.90,0.04
903.86,0.07
917.00,0.10
930.34,0.13
943.87,0.16
957.60,0.20
971.53,0.23
985.66,0.27
1000.00,0.32
1014.55,0.36
1029.30,0.40
1044.27,0.45
1059.46,0.50
1074.87,0.55
1090.51,0.60
1106.37,0.65
1122.46,0.71
1138.79,0.76
1155.35,0.82
1172.16,0.88
1189.21,0.94
1206.50,1.00
1224.05,1.06
1241.86,1.12
1259.92,1.19
1278.25,1.26
1296.84,1.32
1315.70,1.39
1334.84,1.46
1354.26,1.54
1373.95,1.61
1393.94,1.69
1414.21,1.76
1434.78,1.84
1455.65,1.92
1476.83,2.01
1498.31,2.09
1520.10,2.18
1542.21,2.27
1564.64,2.36
1587.40,2.45
1610.49,2.54
1633.92,2.64
1657.68,2.74
1681.79,2.84
1706.26,2.95
1731.07,3.05
1756.25,3.16
1781.80,3.27
1807.71,3.39
1834.01,3.50
1860.68,3.62
1887.75,3.75
1915.21,3.87
1943.06,4.00
1971.33,4.12
2000.00,4.25
2029.09,4.39
2058.60,4.52
2088.55,4.66
2118.93,4.80
2149.75,4.93
2181.02,5.07
2212.74,5.22
2244.92,5.36
2277.58,5.50
2310.71,5.64
2344.32,5.78
2378.41,5.92
2413.01,6.05
2448.11,6.19
2483.72,6.32
2519.84,6.45
2556.49,6.57
2593.68,6.69
2631.41,6.80
2669.68,6.91
2708.51,7.01
2747.91,7.11
2787.88,7.19
2828.43,7.27
2869.57,7.34
2911.31,7.40
2953.65,7.45
2996.61,7.48
3040.20,7.51
3084.42,7.53
3129.29,7.54
3174.80,7.53
3220.98,7.51
3267.83,7.48
3315.36,7.44
3363.59,7.39
3412.51,7.33
3462.15,7.26
3512.50,7.18
3563.59,7.09
3615.43,6.98
3668.02,6.87
3721.37,6.76
3775.50,6.63
3830.41,6.50
3886.13,6.36
3942.65,6.21
4000.00,6.06
4058.18,5.91
4117.21,5.76
4177.10,5.61
4237.85,5.45
4299.49,5.30
4362.03,5.16
4425.48,5.02
4489.85,4.89
4555.15,4.77
4621.41,4.65
4688.63,4.55
4756.83,4.45
4826.02,4.36
4896.21,4.28
4967.43,4.20
5039.68,4.13
5112.99,4.06
5187.36,3.99
5262.81,3.92
5339.36,3.85
5417.02,3.78
5495.81,3.72
5575.75,3.65
5656.85,3.58
5739.14,3.52
5822.61,3.45
5907.30,3.38
5993.23,3.31
6080.40,3.24
6168.84,3.17
6258.57,3.10
6349.60,3.03
6441.96,2.96
6535.66,2.89
6630.73,2.82
6727.17,2.75
6825.02,2.68
6924.29,2.61
7025.01,2.54
7127.19,2.47
7230.86,2.39
7336.03,2.32
7442.74,2.24
7550.99,2.17
7660.83,2.09
7772.26,2.01
7885.31,1.94
8000.00,1.86
8116.36,1.77
8234.42,1.69
8354.19,1.61
8475.70,1.52
8598.99,1.44
8724.06,1.35
8850.96,1.26
8979.70,1.17
9110.31,1.07
9242.82,0.98
9377.26,0.88
9513.66,0.78
9652.04,0.68
9792.43,0.58
9934.86,0.47
10079.37,0.36
10225.98,0.25
10374.72,0.14
10525.62,0.03
10678.72,-0.08
10834.04,-0.20
10991.63,-0.32
11151.51,-0.44
11313.71,-0.57
11478.27,-0.69
11645.23,-0.82
11814.61,-0.95
11986.46,-1.08
12160.80,-1.21
12337.69,-1.35
12517.14,-1.48
12699.21,-1.62
12883.92,-1.76
13071.32,-1.91
13261.45,-2.05
13454.34,-2.19
13650.04,-2.34
13848.58,-2.49
14050.02,-2.64
14254.38,-2.79
14461.71,-2.94
14672.06,-3.09
14885.47,-3.24
15101.99,-3.39
15321.65,-3.54
15544.51,-3.69
15770.61,-3.84
16000.00,-3.98
16232.73,-4.13
16468.84,-4.27
16708.38,-4.41
16951.41,-4.54
17197.97,-4.67
17448.12,-4.80
17701.91,-4.91
17959.39,-5.02
18220.62,-5.12
18485.64,-5.20
18754.52,-5.27
19027.31,-5.32
19304.07,-5.35
19584.86,-5.36
19869.72,-5.33