19.13,90.61
19.40,90.69
19.69,90.76
19.97,90.84
20.26,90.92
20.56,90.53
20.86,90.61
21.16,90.68
21.47,90.76
21.78,90.51
22.10,90.39
22.42,90.47
22.74,90.54
23.08,90.38
23.41,90.45
23.75,90.25
24.10,90.32
24.45,90.18
24.80,90.25
25.16,90.32
25.53,89.92
25.90,89.99
26.28,90.06
26.66,89.87
27.05,89.94
27.44,89.75
27.84,89.82
28.25,89.65
28.66,89.71
29.07,89.53
29.50,89.20
29.93,89.27
30.36,89.33
30.80,88.88
31.25,88.95
31.70,89.01
32.17,88.76
32.63,88.82
33.11,88.64
33.59,88.70
34.08,88.51
34.57,88.40
35.08,88.46
35.59,88.01
36.10,88.07
36.63,88.12
37.16,88.00
37.70,87.82
38.25,87.80
38.81,87.86
39.37,87.49
39.95,87.54
40.53,87.59
41.12,87.22
41.71,87.28
42.32,87.15
42.94,87.20
43.56,87.07
44.19,86.96
44.84,86.85
45.49,86.90
46.15,86.65
46.82,86.70
47.50,86.36
48.19,86.41
48.90,86.28
49.61,85.97
50.33,86.01
51.06,85.80
51.80,85.85
52.56,85.60
53.32,85.52
54.10,85.57
54.88,85.30
55.68,85.35
56.49,85.20
57.31,85.07
58.15,85.01
58.99,84.81
59.85,84.45
60.72,84.49
61.60,84.27
62.50,84.22
63.41,83.96
64.33,83.86
65.27,83.88
66.22,83.81
67.18,83.77
68.16,83.68
69.15,83.60
70.15,83.53
71.17,83.39
72.21,83.34
73.26,83.12
74.33,83.00
75.41,82.88
76.50,82.71
77.62,82.65
78.75,82.64
79.89,82.64
81.05,82.59
82.23,82.49
83.43,82.54
84.64,82.33
85.87,82.03
87.12,81.93
88.39,81.80
89.67,81.67
90.98,81.56
92.30,81.43
93.64,81.45
95.01,81.40
96.39,81.38
97.79,81.36
99.21,81.08
100.66,80.92
102.12,80.73
103.61,80.51
105.11,80.52
106.64,80.46
108.19,80.38
109.77,80.29
111.36,80.29
112.98,80.29
114.63,80.23
116.29,79.99
117.98,79.82
119.70,79.72
121.44,79.53
123.21,79.40
125.00,79.16
126.82,79.15
128.66,79.02
130.53,79.01
132.43,78.94
134.36,78.85
136.31,78.73
138.30,78.68
140.31,78.61
142.35,78.43
144.42,78.32
146.52,78.23
148.65,78.22
150.81,78.13
153.01,78.04
155.23,77.98
157.49,77.97
159.78,77.89
162.10,77.76
164.46,77.75
166.85,77.59
169.28,77.54
171.74,77.39
174.24,77.37
176.78,77.29
179.35,77.27
181.96,77.16
184.60,76.97
187.29,76.93
190.01,76.82
192.78,76.75
195.58,76.67
198.43,76.46
201.31,76.29
204.24,76.18
207.21,76.10
210.22,76.08
213.28,76.08
216.38,76.04
219.53,75.95
222.72,75.97
225.96,75.97
229.25,75.87
232.59,75.77
235.97,75.74
239.40,75.67
242.88,75.76
246.42,75.78
250.00,75.73
253.64,75.64
257.33,75.51
261.07,75.47
264.87,75.44
268.72,75.34
272.63,75.30
276.59,75.26
280.62,75.22
284.70,75.18
288.84,75.16
293.04,75.09
297.30,75.07
301.63,74.90
306.01,74.89
310.46,74.91
314.98,74.84
319.56,74.74
324.21,74.67
328.93,74.63
333.71,74.60
338.56,74.56
343.49,74.48
348.48,74.51
353.55,74.48
358.70,74.33
363.91,74.34
369.21,74.32
374.58,74.20
380.03,74.12
385.55,74.06
391.16,73.98
396.85,73.99
402.62,74.00
408.48,73.96
414.42,73.99
420.45,73.86
426.56,73.85
432.77,73.84
439.06,73.93
445.45,73.97
451.93,73.87
458.50,73.77
465.17,73.73
471.94,73.65
478.80,73.60
485.77,73.66
492.83,73.64
500.00,73.64
507.27,73.56
514.65,73.57
522.14,73.49
529.73,73.47
537.44,73.45
545.25,73.50
553.18,73.47
561.23,73.31
569.39,73.20
577.68,73.26
586.08,73.22
594.60,73.25
603.25,73.30
612.03,73.20
620.93,73.22
629.96,73.32
639.12,73.37
648.42,73.31
657.85,73.27
667.42,73.26
677.13,73.20
686.98,73.24
696.97,73.27
707.11,73.26
717.39,73.23
727.83,73.25
738.41,73.31
749.15,73.40
760.05,73.41
771.11,73.40
782.32,73.35
793.70,73.28
805.25,73.24
816.96,73.19
828.84,73.19
840.90,73.04
853.13,73.02
865.54,72.98
878.13,73.05
890.90,73.15
903.86,73.16
917.00,73.20
930.34,73.26
943.87,73.43
957.60,73.47
971.53,73.59
985.66,73.71
1000.00,73.82
1014.55,73.92
1029.30,73.98
1044.27,74.09
1059.46,74.15
1074.87,74.30
1090.51,74.46
1106.37,74.61
1122.46,74.78
1138.79,74.97
1155.35,75.09
1172.16,75.23
1189.21,75.35
1206.50,75.48
1224.05,75.60
1241.86,75.79
1259.92,75.91
1278.25,76.01
1296.84,76.17
1315.70,76.35
1334.84,76.41
1354.26,76.56
1373.95,76.69
1393.94,76.81
1414.21,76.95
1434.78,77.14
1455.65,77.34
1476.83,77.40
1498.31,77.65
1520.10,77.70
1542.21,77.84
1564.64,78.01
1587.40,78.15
1610.49,78.31
1633.92,78.56
1657.68,78.78
1681.79,78.89
1706.26,79.14
1731.07,79.33
1756.25,79.53
1781.80,79.77
1807.71,80.00
1834.01,80.18
1860.68,80.33
1887.75,80.46
1915.21,80.60
1943.06,80.70
1971.33,80.83
2000.00,80.95
2029.09,81.12
2058.60,81.25
2088.55,81.39
2118.93,81.60
2149.75,81.72
2181.02,81.82
2212.74,81.85
2244.92,81.91
2277.58,82.01
2310.71,82.32
2344.32,82.67
2378.41,83.08
2413.01,83.61
2448.11,83.94
2483.72,84.26
2519.84,84.58
2556.49,84.72
2593.68,84.90
2631.41,85.11
2669.68,85.23
2708.51,85.33
2747.91,85.46
2787.88,85.44
2828.43,85.45
2869.57,85.48
2911.31,85.46
2953.65,85.44
2996.61,85.32
3040.20,85.27
3084.42,85.11
3129.29,84.98
3174.80,84.83
3220.98,84.56
3267.83,84.39
3315.36,84.29
3363.59,84.12
3412.51,84.01
3462.15,83.83
3512.50,83.56
3563.59,83.30
3615.43,82.95
3668.02,82.53
3721.37,82.14
3775.50,81.81
3830.41,81.51
3886.13,81.31
3942.65,81.17
4000.00,81.01
4058.18,80.82
4117.21,80.64
4177.10,80.33
4237.85,80.14
4299.49,79.81
4362.03,79.63
4425.48,79.42
4489.85,79.21
4555.15,79.02
4621.41,78.83
4688.63,78.71
4756.83,78.50
4826.02,78.34
4896.21,78.15
4967.43,77.96
5039.68,77.74
5112.99,77.56
5187.36,77.46
5262.81,77.35
5339.36,77.25
5417.02,77.10
5495.81,76.93
5575.75,76.81
5656.85,76.72
5739.14,76.56
5822.61,76.34
5907.30,76.20
5993.23,76.14
6080.40,76.11
6168.84,76.01
6258.57,75.98
6349.60,75.91
6441.96,75.92
6535.66,75.90
6630.73,76.00
6727.17,76.01
6825.02,76.13
6924.29,76.25
7025.01,76.37
7127.19,76.52
7230.86,76.66
7336.03,76.91
7442.74,77.21
7550.99,77.51
7660.83,77.66
7772.26,77.79
7885.31,77.80
8000.00,77.73
8116.36,77.52
8234.42,77.22
8354.19,76.73
8475.70,76.12
8598.99,75.51
8724.06,74.78
8850.96,73.96
8979.70,73.23
9110.31,72.55
9242.82,71.86
9377.26,71.15
9513.66,70.40
9652.04,69.80
9792.43,69.39
9934.86,68.96
10079.37,68.43
10225.98,68.08
10374.72,67.79
10525.62,67.44
10678.72,67.25
10834.04,67.06
10991.63,66.85
11151.51,66.85
11313.71,67.01
11478.27,67.20
11645.23,67.27
11814.61,67.33
11986.46,67.47
12160.80,67.47
12337.69,67.44
12517.14,67.43
12699.21,67.31
12883.92,67.17
13071.32,67.04
13261.45,66.83
13454.34,66.66
13650.04,66.62
13848.58,66.59
14050.02,66.41
14254.38,66.16
14461.71,65.84
14672.06,65.46
14885.47,65.11
15101.99,64.75
15321.65,64.39
15544.51,64.16
15770.61,63.91
16000.00,63.41
16232.73,62.54
16468.84,61.03
16708.38,59.23
16951.41,57.22
17197.97,55.44
17448.12,53.72
17701.91,52.01
17959.39,50.94
18220.62,50.05
18485.64,49.58
18754.52,48.79
19027.31,48.42
19304.07,48.26
19584.86,47.84
19869.72,46.60