19.13,43.63
19.40,43.71
19.69,43.79
19.97,43.86
20.26,43.94
20.56,44.05
20.86,44.13
21.16,44.20
21.47,44.28
21.78,44.32
22.10,44.47
22.42,44.55
22.74,44.62
23.08,44.72
23.41,44.79
23.75,44.84
24.10,44.92
24.45,44.99
24.80,45.06
25.16,45.14
25.53,45.19
25.90,45.26
26.28,45.33
26.66,45.36
27.05,45.43
27.44,45.45
27.84,45.51
28.25,45.50
28.66,45.56
29.07,45.62
29.50,45.49
29.93,45.55
30.36,45.62
30.80,45.63
31.25,45.69
31.70,45.75
32.17,45.84
32.63,45.90
33.11,45.85
33.59,45.91
34.08,45.88
34.57,45.93
35.08,45.99
35.59,45.88
36.10,45.93
36.63,45.99
37.16,45.96
37.70,45.92
38.25,46.03
38.81,46.08
39.37,46.01
39.95,46.06
40.53,46.11
41.12,46.06
41.71,46.12
42.32,46.24
42.94,46.29
43.56,46.25
44.19,46.24
44.84,46.23
45.49,46.27
46.15,46.21
46.82,46.26
47.50,46.15
48.19,46.20
48.90,46.16
49.61,46.08
50.33,46.12
51.06,46.14
51.80,46.19
52.56,46.21
53.32,46.21
54.10,46.26
54.88,46.19
55.68,46.23
56.49,46.25
57.31,46.25
58.15,46.27
58.99,46.20
59.85,46.01
60.72,46.05
61.60,46.04
62.50,46.08
63.41,45.98
64.33,46.08
65.27,46.11
66.22,46.16
67.18,46.15
68.16,46.17
69.15,46.15
70.15,46.12
71.17,46.11
72.21,46.13
73.26,46.09
74.33,46.06
75.41,46.03
76.50,45.97
77.62,45.94
78.75,45.95
79.89,46.02
81.05,46.07
82.23,46.10
83.43,46.14
84.64,46.07
85.87,45.98
87.12,45.93
88.39,45.92
89.67,45.88
90.98,45.87
92.30,45.82
93.64,45.85
95.01,45.86
96.39,45.86
97.79,45.89
99.21,45.79
100.66,45.78
102.12,45.70
103.61,45.57
105.11,45.60
106.64,45.61
108.19,45.59
109.77,45.59
111.36,45.63
112.98,45.68
114.63,45.69
116.29,45.56
117.98,45.50
119.70,45.49
121.44,45.45
123.21,45.43
125.00,45.35
126.82,45.34
128.66,45.39
130.53,45.46
132.43,45.44
134.36,45.40
136.31,45.34
138.30,45.35
140.31,45.36
142.35,45.27
144.42,45.21
146.52,45.22
148.65,45.29
150.81,45.25
153.01,45.26
155.23,45.26
157.49,45.25
159.78,45.25
162.10,45.20
164.46,45.22
166.85,45.17
169.28,45.16
171.74,45.00
174.24,45.01
176.78,45.00
179.35,44.96
181.96,44.83
184.60,44.69
187.29,44.65
190.01,44.60
192.78,44.55
195.58,44.53
198.43,44.44
201.31,44.33
204.24,44.29
207.21,44.28
210.22,44.33
213.28,44.35
216.38,44.31
219.53,44.27
222.72,44.32
225.96,44.33
229.25,44.30
232.59,44.26
235.97,44.27
239.40,44.24
242.88,44.30
246.42,44.29
250.00,44.28
253.64,44.18
257.33,44.14
261.07,44.12
264.87,44.13
268.72,44.08
272.63,44.03
276.59,43.96
280.62,43.88
284.70,43.80
288.84,43.76
293.04,43.68
297.30,43.64
301.63,43.57
306.01,43.58
310.46,43.54
314.98,43.49
319.56,43.36
324.21,43.35
328.93,43.32
333.71,43.29
338.56,43.29
343.49,43.21
348.48,43.21
353.55,43.15
358.70,43.07
363.91,43.05
369.21,43.00
374.58,42.83
380.03,42.75
385.55,42.66
391.16,42.56
396.85,42.56
402.62,42.51
408.48,42.45
414.42,42.41
420.45,42.33
426.56,42.35
432.77,42.37
439.06,42.38
445.45,42.40
451.93,42.35
458.50,42.26
465.17,42.23
471.94,42.16
478.80,42.11
485.77,42.05
492.83,41.97
500.00,41.92
507.27,41.85
514.65,41.83
522.14,41.71
529.73,41.68
537.44,41.64
545.25,41.65
553.18,41.62
561.23,41.49
569.39,41.36
577.68,41.35
586.08,41.25
594.60,41.19
603.25,41.18
612.03,41.07
620.93,41.07
629.96,41.12
639.12,41.07
648.42,40.98
657.85,40.96
667.42,40.94
677.13,40.85
686.98,40.86
696.97,40.84
707.11,40.81
717.39,40.79
727.83,40.75
738.41,40.71
749.15,40.69
760.05,40.64
771.11,40.62
782.32,40.58
793.70,40.53
805.25,40.49
816.96,40.47
828.84,40.51
840.90,40.45
853.13,40.45
865.54,40.40
878.13,40.41
890.90,40.41
903.86,40.43
917.00,40.42
930.34,40.46
943.87,40.54
957.60,40.56
971.53,40.60
985.66,40.71
1000.00,40.79
1014.55,40.87
1029.30,40.97
1044.27,41.07
1059.46,41.14
1074.87,41.25
1090.51,41.34
1106.37,41.44
1122.46,41.53
1138.79,41.69
1155.35,41.81
1172.16,41.92
1189.21,42.05
1206.50,42.19
1224.05,42.28
1241.86,42.38
1259.92,42.52
1278.25,42.64
1296.84,42.75
1315.70,42.91
1334.84,42.99
1354.26,43.11
1373.95,43.21
1393.94,43.29
1414.21,43.44
1434.78,43.56
1455.65,43.76
1476.83,43.82
1498.31,44.01
1520.10,44.06
1542.21,44.22
1564.64,44.35
1587.40,44.48
1610.49,44.63
1633.92,44.87
1657.68,45.06
1681.79,45.16
1706.26,45.37
1731.07,45.56
1756.25,45.73
1781.80,45.91
1807.71,46.09
1834.01,46.30
1860.68,46.45
1887.75,46.57
1915.21,46.71
1943.06,46.81
1971.33,46.96
2000.00,47.07
2029.09,47.25
2058.60,47.43
2088.55,47.63
2118.93,47.87
2149.75,48.07
2181.02,48.30
2212.74,48.47
2244.92,48.68
2277.58,48.85
2310.71,49.05
2344.32,49.24
2378.41,49.44
2413.01,49.68
2448.11,49.88
2483.72,50.16
2519.84,50.45
2556.49,50.70
2593.68,50.93
2631.41,51.21
2669.68,51.43
2708.51,51.66
2747.91,51.94
2787.88,52.13
2828.43,52.32
2869.57,52.54
2911.31,52.68
2953.65,52.85
2996.61,52.97
3040.20,53.08
3084.42,53.17
3129.29,53.20
3174.80,53.24
3220.98,53.19
3267.83,53.20
3315.36,53.21
3363.59,53.16
3412.51,53.13
3462.15,53.02
3512.50,52.91
3563.59,52.79
3615.43,52.67
3668.02,52.51
3721.37,52.33
3775.50,52.16
3830.41,52.00
3886.13,51.84
3942.65,51.74
4000.00,51.60
4058.18,51.46
4117.21,51.29
4177.10,51.03
4237.85,50.86
4299.49,50.63
4362.03,50.50
4425.48,50.38
4489.85,50.17
4555.15,50.05
4621.41,49.91
4688.63,49.89
4756.83,49.88
4826.02,49.88
4896.21,49.79
4967.43,49.65
5039.68,49.54
5112.99,49.41
5187.36,49.41
5262.81,49.37
5339.36,49.38
5417.02,49.36
5495.81,49.33
5575.75,49.31
5656.85,49.32
5739.14,49.30
5822.61,49.18
5907.30,49.05
5993.23,49.01
6080.40,49.01
6168.84,48.94
6258.57,48.89
6349.60,48.85
6441.96,48.86
6535.66,48.81
6630.73,48.86
6727.17,48.86
6825.02,48.88
6924.29,48.88
7025.01,48.89
7127.19,48.90
7230.86,48.94
7336.03,49.00
7442.74,49.10
7550.99,49.17
7660.83,49.15
7772.26,49.12
7885.31,49.08
8000.00,49.05
8116.36,48.99
8234.42,48.89
8354.19,48.71
8475.70,48.36
8598.99,47.86
8724.06,47.13
8850.96,46.20
8979.70,45.27
9110.31,44.30
9242.82,43.36
9377.26,42.53
9513.66,41.72
9652.04,41.05
9792.43,40.51
9934.86,39.99
10079.37,39.53
10225.98,39.17
10374.72,38.77
10525.62,38.44
10678.72,38.18
10834.04,37.90
10991.63,37.65
11151.51,37.47
11313.71,37.35
11478.27,37.23
11645.23,37.00
11814.61,36.77
11986.46,36.58
12160.80,36.35
12337.69,36.06
12517.14,35.79
12699.21,35.49
12883.92,35.19
13071.32,35.00
13261.45,34.71
13454.34,34.39
13650.04,34.22
13848.58,34.19
14050.02,34.03
14254.38,33.80
14461.71,33.70
14672.06,33.63
14885.47,33.49
15101.99,33.34
15321.65,33.14
15544.51,32.90
15770.61,32.55
16000.00,31.94
16232.73,31.15
16468.84,29.99
16708.38,28.59
16951.41,26.97
17197.97,25.35
17448.12,23.70
17701.91,22.07
17959.39,20.54
18220.62,19.24
18485.64,17.97
18754.52,16.90
19027.31,16.03
19304.07,15.11
19584.86,14.04
19869.72,12.59