19.13,86.36
19.40,86.44
19.69,86.52
19.97,86.59
20.26,86.67
20.56,86.67
20.86,86.75
21.16,86.82
21.47,86.90
21.78,86.88
22.10,86.99
22.42,87.07
22.74,87.14
23.08,87.20
23.41,87.28
23.75,87.27
24.10,87.34
24.45,87.38
24.80,87.45
25.16,87.52
25.53,87.48
25.90,87.55
26.28,87.62
26.66,87.60
27.05,87.67
27.44,87.65
27.84,87.72
28.25,87.68
28.66,87.74
29.07,87.76
29.50,87.60
29.93,87.67
30.36,87.73
30.80,87.68
31.25,87.74
31.70,87.80
32.17,87.83
32.63,87.89
33.11,87.78
33.59,87.84
34.08,87.77
34.57,87.79
35.08,87.85
35.59,87.67
36.10,87.73
36.63,87.79
37.16,87.73
37.70,87.67
38.25,87.74
38.81,87.80
39.37,87.67
39.95,87.73
40.53,87.78
41.12,87.67
41.71,87.73
42.32,87.80
42.94,87.85
43.56,87.76
44.19,87.72
44.84,87.65
45.49,87.70
46.15,87.58
46.82,87.63
47.50,87.48
48.19,87.53
48.90,87.47
49.61,87.36
50.33,87.41
51.06,87.40
51.80,87.44
52.56,87.44
53.32,87.44
54.10,87.48
54.88,87.38
55.68,87.42
56.49,87.40
57.31,87.39
58.15,87.39
58.99,87.33
59.85,87.12
60.72,87.16
61.60,87.15
62.50,87.19
63.41,87.10
64.33,87.20
65.27,87.20
66.22,87.25
67.18,87.23
68.16,87.24
69.15,87.20
70.15,87.16
71.17,87.13
72.21,87.14
73.26,87.09
74.33,87.05
75.41,87.02
76.50,86.95
77.62,86.90
78.75,86.91
79.89,86.93
81.05,86.96
82.23,86.97
83.43,87.02
84.64,86.94
85.87,86.84
87.12,86.78
88.39,86.76
89.67,86.72
90.98,86.70
92.30,86.64
93.64,86.68
95.01,86.68
96.39,86.68
97.79,86.71
99.21,86.61
100.66,86.60
102.12,86.51
103.61,86.38
105.11,86.42
106.64,86.44
108.19,86.40
109.77,86.40
111.36,86.43
112.98,86.49
114.63,86.51
116.29,86.37
117.98,86.31
119.70,86.29
121.44,86.24
123.21,86.21
125.00,86.14
126.82,86.11
128.66,86.19
130.53,86.25
132.43,86.22
134.36,86.17
136.31,86.11
138.30,86.10
140.31,86.10
142.35,86.00
144.42,85.92
146.52,85.94
148.65,86.01
150.81,85.98
153.01,85.99
155.23,85.98
157.49,85.96
159.78,85.95
162.10,85.91
164.46,85.91
166.85,85.85
169.28,85.85
171.74,85.70
174.24,85.72
176.78,85.72
179.35,85.69
181.96,85.57
184.60,85.41
187.29,85.37
190.01,85.30
192.78,85.24
195.58,85.23
198.43,85.17
201.31,85.09
204.24,85.05
207.21,85.04
210.22,85.08
213.28,85.09
216.38,85.05
219.53,84.97
222.72,85.03
225.96,85.07
229.25,85.06
232.59,85.02
235.97,85.06
239.40,85.01
242.88,85.06
246.42,85.06
250.00,85.06
253.64,84.97
257.33,84.96
261.07,84.97
264.87,85.01
268.72,84.95
272.63,84.92
276.59,84.85
280.62,84.78
284.70,84.74
288.84,84.72
293.04,84.64
297.30,84.62
301.63,84.54
306.01,84.52
310.46,84.49
314.98,84.42
319.56,84.31
324.21,84.32
328.93,84.30
333.71,84.27
338.56,84.27
343.49,84.21
348.48,84.25
353.55,84.18
358.70,84.12
363.91,84.10
369.21,84.06
374.58,83.89
380.03,83.82
385.55,83.74
391.16,83.66
396.85,83.66
402.62,83.62
408.48,83.60
414.42,83.58
420.45,83.54
426.56,83.57
432.77,83.60
439.06,83.62
445.45,83.65
451.93,83.64
458.50,83.56
465.17,83.52
471.94,83.44
478.80,83.38
485.77,83.32
492.83,83.29
500.00,83.25
507.27,83.19
514.65,83.18
522.14,83.08
529.73,83.06
537.44,83.03
545.25,83.06
553.18,83.03
561.23,82.89
569.39,82.78
577.68,82.80
586.08,82.68
594.60,82.66
603.25,82.66
612.03,82.56
620.93,82.59
629.96,82.67
639.12,82.63
648.42,82.55
657.85,82.58
667.42,82.57
677.13,82.52
686.98,82.53
696.97,82.55
707.11,82.55
717.39,82.56
727.83,82.53
738.41,82.52
749.15,82.55
760.05,82.52
771.11,82.52
782.32,82.49
793.70,82.45
805.25,82.43
816.96,82.44
828.84,82.45
840.90,82.42
853.13,82.44
865.54,82.43
878.13,82.44
890.90,82.46
903.86,82.52
917.00,82.53
930.34,82.60
943.87,82.69
957.60,82.75
971.53,82.85
985.66,82.99
1000.00,83.13
1014.55,83.24
1029.30,83.44
1044.27,83.58
1059.46,83.75
1074.87,83.97
1090.51,84.17
1106.37,84.39
1122.46,84.60
1138.79,84.84
1155.35,85.07
1172.16,85.28
1189.21,85.53
1206.50,85.77
1224.05,85.97
1241.86,86.19
1259.92,86.42
1278.25,86.63
1296.84,86.81
1315.70,87.04
1334.84,87.21
1354.26,87.37
1373.95,87.53
1393.94,87.65
1414.21,87.84
1434.78,87.97
1455.65,88.16
1476.83,88.18
1498.31,88.34
1520.10,88.40
1542.21,88.52
1564.64,88.67
1587.40,88.77
1610.49,88.88
1633.92,89.06
1657.68,89.20
1681.79,89.24
1706.26,89.39
1731.07,89.57
1756.25,89.70
1781.80,89.85
1807.71,90.02
1834.01,90.16
1860.68,90.23
1887.75,90.27
1915.21,90.30
1943.06,90.32
1971.33,90.39
2000.00,90.40
2029.09,90.47
2058.60,90.54
2088.55,90.57
2118.93,90.65
2149.75,90.65
2181.02,90.71
2212.74,90.71
2244.92,90.70
2277.58,90.67
2310.71,90.65
2344.32,90.57
2378.41,90.53
2413.01,90.53
2448.11,90.49
2483.72,90.50
2519.84,90.51
2556.49,90.45
2593.68,90.39
2631.41,90.32
2669.68,90.21
2708.51,90.10
2747.91,90.02
2787.88,89.91
2828.43,89.81
2869.57,89.75
2911.31,89.64
2953.65,89.55
2996.61,89.44
3040.20,89.38
3084.42,89.27
3129.29,89.15
3174.80,89.07
3220.98,88.93
3267.83,88.88
3315.36,88.91
3363.59,88.82
3412.51,88.82
3462.15,88.74
3512.50,88.62
3563.59,88.54
3615.43,88.44
3668.02,88.37
3721.37,88.31
3775.50,88.32
3830.41,88.33
3886.13,88.33
3942.65,88.41
4000.00,88.45
4058.18,88.52
4117.21,88.64
4177.10,88.65
4237.85,88.78
4299.49,88.83
4362.03,88.99
4425.48,89.12
4489.85,89.07
4555.15,89.09
4621.41,89.04
4688.63,89.14
4756.83,89.28
4826.02,89.44
4896.21,89.51
4967.43,89.54
5039.68,89.57
5112.99,89.55
5187.36,89.55
5262.81,89.44
5339.36,89.37
5417.02,89.36
5495.81,89.36
5575.75,89.25
5656.85,88.99
5739.14,88.72
5822.61,88.29
5907.30,87.79
5993.23,87.33
6080.40,86.92
6168.84,86.47
6258.57,86.07
6349.60,85.77
6441.96,85.56
6535.66,85.37
6630.73,85.36
6727.17,85.40
6825.02,85.48
6924.29,85.58
7025.01,85.71
7127.19,85.90
7230.86,86.19
7336.03,86.52
7442.74,86.98
7550.99,87.42
7660.83,87.80
7772.26,88.10
7885.31,88.31
8000.00,88.40
8116.36,88.31
8234.42,88.00
8354.19,87.48
8475.70,86.86
8598.99,86.21
8724.06,85.46
8850.96,84.71
8979.70,84.10
9110.31,83.55
9242.82,83.06
9377.26,82.65
9513.66,82.20
9652.04,81.86
9792.43,81.69
9934.86,81.54
10079.37,81.55
10225.98,81.57
10374.72,81.62
10525.62,81.80
10678.72,82.00
10834.04,82.29
10991.63,82.45
11151.51,82.52
11313.71,82.46
11478.27,82.18
11645.23,81.79
11814.61,81.62
11986.46,81.64
12160.80,81.65
12337.69,81.47
12517.14,81.22
12699.21,80.96
12883.92,80.60
13071.32,80.34
13261.45,79.99
13454.34,79.55
13650.04,79.19
13848.58,78.95
14050.02,78.63
14254.38,78.34
14461.71,78.28
14672.06,78.24
14885.47,78.02
15101.99,77.69
15321.65,77.15
15544.51,76.42
15770.61,75.56
16000.00,74.02
16232.73,72.06
16468.84,69.80
16708.38,67.26
16951.41,64.99
17197.97,63.68
17448.12,63.03
17701.91,62.47
17959.39,61.55
18220.62,61.14
18485.64,61.31
18754.52,61.03
19027.31,61.04
19304.07,60.90
19584.86,61.13
19869.72,60.48