19.13,84.77
19.40,84.84
19.69,84.92
19.97,85.00
20.26,85.07
20.56,84.82
20.86,84.89
21.16,84.97
21.47,85.04
21.78,84.90
22.10,84.85
22.42,84.92
22.74,84.99
23.08,84.94
23.41,85.02
23.75,84.87
24.10,84.95
24.45,84.89
24.80,84.96
25.16,85.03
25.53,84.80
25.90,84.87
26.28,84.94
26.66,84.84
27.05,84.90
27.44,84.79
27.84,84.86
28.25,84.75
28.66,84.81
29.07,84.73
29.50,84.53
29.93,84.59
30.36,84.66
30.80,84.45
31.25,84.52
31.70,84.58
32.17,84.49
32.63,84.55
33.11,84.43
33.59,84.49
34.08,84.36
34.57,84.32
35.08,84.38
35.59,84.06
36.10,84.12
36.63,84.17
37.16,84.10
37.70,83.98
38.25,84.04
38.81,84.10
39.37,83.90
39.95,83.95
40.53,84.00
41.12,83.81
41.71,83.86
42.32,83.84
42.94,83.89
43.56,83.78
44.19,83.70
44.84,83.61
45.49,83.66
46.15,83.46
46.82,83.50
47.50,83.25
48.19,83.30
48.90,83.20
49.61,83.00
50.33,83.05
51.06,82.98
51.80,83.02
52.56,82.89
53.32,82.82
54.10,82.86
54.88,82.63
55.68,82.68
56.49,82.54
57.31,82.45
58.15,82.40
58.99,82.26
59.85,81.98
60.72,82.03
61.60,81.92
62.50,81.95
63.41,81.75
64.33,81.79
65.27,81.82
66.22,81.81
67.18,81.78
68.16,81.75
69.15,81.68
70.15,81.63
71.17,81.54
72.21,81.52
73.26,81.43
74.33,81.38
75.41,81.33
76.50,81.28
77.62,81.27
78.75,81.25
79.89,81.28
81.05,81.26
82.23,81.21
83.43,81.25
84.64,81.11
85.87,80.88
87.12,80.78
88.39,80.70
89.67,80.61
90.98,80.57
92.30,80.50
93.64,80.54
95.01,80.54
96.39,80.51
97.79,80.49
99.21,80.23
100.66,80.14
102.12,80.01
103.61,79.83
105.11,79.83
106.64,79.77
108.19,79.65
109.77,79.58
111.36,79.62
112.98,79.69
114.63,79.71
116.29,79.51
117.98,79.40
119.70,79.33
121.44,79.23
123.21,79.15
125.00,79.00
126.82,79.01
128.66,78.98
130.53,79.04
132.43,79.00
134.36,78.92
136.31,78.94
138.30,78.88
140.31,78.82
142.35,78.65
144.42,78.45
146.52,78.38
148.65,78.38
150.81,78.30
153.01,78.18
155.23,78.11
157.49,78.09
159.78,78.06
162.10,78.02
164.46,78.03
166.85,77.91
169.28,77.88
171.74,77.67
174.24,77.69
176.78,77.72
179.35,77.71
181.96,77.63
184.60,77.50
187.29,77.51
190.01,77.45
192.78,77.42
195.58,77.41
198.43,77.32
201.31,77.24
204.24,77.25
207.21,77.30
210.22,77.37
213.28,77.41
216.38,77.38
219.53,77.29
222.72,77.29
225.96,77.38
229.25,77.37
232.59,77.34
235.97,77.37
239.40,77.30
242.88,77.34
246.42,77.32
250.00,77.30
253.64,77.18
257.33,77.17
261.07,77.20
264.87,77.27
268.72,77.20
272.63,77.10
276.59,77.01
280.62,76.97
284.70,76.95
288.84,76.97
293.04,76.92
297.30,76.91
301.63,76.83
306.01,76.83
310.46,76.79
314.98,76.80
319.56,76.76
324.21,76.76
328.93,76.75
333.71,76.75
338.56,76.81
343.49,76.77
348.48,76.85
353.55,76.79
358.70,76.74
363.91,76.77
369.21,76.75
374.58,76.64
380.03,76.64
385.55,76.53
391.16,76.45
396.85,76.47
402.62,76.47
408.48,76.49
414.42,76.50
420.45,76.44
426.56,76.48
432.77,76.46
439.06,76.57
445.45,76.66
451.93,76.66
458.50,76.63
465.17,76.62
471.94,76.56
478.80,76.51
485.77,76.53
492.83,76.52
500.00,76.56
507.27,76.41
514.65,76.51
522.14,76.47
529.73,76.48
537.44,76.56
545.25,76.60
553.18,76.58
561.23,76.55
569.39,76.44
577.68,76.48
586.08,76.36
594.60,76.41
603.25,76.44
612.03,76.42
620.93,76.41
629.96,76.57
639.12,76.53
648.42,76.48
657.85,76.52
667.42,76.43
677.13,76.40
686.98,76.41
696.97,76.42
707.11,76.49
717.39,76.48
727.83,76.56
738.41,76.59
749.15,76.66
760.05,76.65
771.11,76.66
782.32,76.57
793.70,76.53
805.25,76.64
816.96,76.58
828.84,76.67
840.90,76.63
853.13,76.68
865.54,76.74
878.13,76.88
890.90,76.95
903.86,77.03
917.00,77.13
930.34,77.24
943.87,77.43
957.60,77.62
971.53,77.78
985.66,77.90
1000.00,78.06
1014.55,78.17
1029.30,78.32
1044.27,78.32
1059.46,78.35
1074.87,78.56
1090.51,78.78
1106.37,79.01
1122.46,79.17
1138.79,79.44
1155.35,79.55
1172.16,79.60
1189.21,79.78
1206.50,79.84
1224.05,80.03
1241.86,80.23
1259.92,80.42
1278.25,80.60
1296.84,80.74
1315.70,81.02
1334.84,81.11
1354.26,81.26
1373.95,81.43
1393.94,81.53
1414.21,81.69
1434.78,81.90
1455.65,82.14
1476.83,82.09
1498.31,82.36
1520.10,82.43
1542.21,82.56
1564.64,82.70
1587.40,82.78
1610.49,82.97
1633.92,83.23
1657.68,83.44
1681.79,83.48
1706.26,83.75
1731.07,83.97
1756.25,84.13
1781.80,84.35
1807.71,84.55
1834.01,84.73
1860.68,84.79
1887.75,84.81
1915.21,84.82
1943.06,84.82
1971.33,84.82
2000.00,84.83
2029.09,84.87
2058.60,84.95
2088.55,84.97
2118.93,85.03
2149.75,84.94
2181.02,84.91
2212.74,84.75
2244.92,84.76
2277.58,84.72
2310.71,84.73
2344.32,84.66
2378.41,84.52
2413.01,84.47
2448.11,84.31
2483.72,84.20
2519.84,84.14
2556.49,84.00
2593.68,83.88
2631.41,83.86
2669.68,83.77
2708.51,83.68
2747.91,83.65
2787.88,83.47
2828.43,83.31
2869.57,83.18
2911.31,83.14
2953.65,83.14
2996.61,83.04
3040.20,83.02
3084.42,82.85
3129.29,82.68
3174.80,82.72
3220.98,82.61
3267.83,82.67
3315.36,82.86
3363.59,82.81
3412.51,82.87
3462.15,82.84
3512.50,82.73
3563.59,82.83
3615.43,82.90
3668.02,82.99
3721.37,83.09
3775.50,83.15
3830.41,83.16
3886.13,83.16
3942.65,83.22
4000.00,83.19
4058.18,83.17
4117.21,83.23
4177.10,83.07
4237.85,83.07
4299.49,82.84
4362.03,82.62
4425.48,82.44
4489.85,82.07
4555.15,81.76
4621.41,81.38
4688.63,81.04
4756.83,80.78
4826.02,80.47
4896.21,80.11
4967.43,79.71
5039.68,79.22
5112.99,78.87
5187.36,78.53
5262.81,78.34
5339.36,78.17
5417.02,77.91
5495.81,77.67
5575.75,77.36
5656.85,77.06
5739.14,76.85
5822.61,76.53
5907.30,76.35
5993.23,76.19
6080.40,76.15
6168.84,76.05
6258.57,76.09
6349.60,76.23
6441.96,76.38
6535.66,76.47
6630.73,76.56
6727.17,76.80
6825.02,77.04
6924.29,77.43
7025.01,77.84
7127.19,78.32
7230.86,78.89
7336.03,79.67
7442.74,80.56
7550.99,81.61
7660.83,82.60
7772.26,83.53
7885.31,84.18
8000.00,84.58
8116.36,84.47
8234.42,83.93
8354.19,83.11
8475.70,82.22
8598.99,81.33
8724.06,80.38
8850.96,79.44
8979.70,78.95
9110.31,78.57
9242.82,78.17
9377.26,77.86
9513.66,77.34
9652.04,76.83
9792.43,76.38
9934.86,75.69
10079.37,74.91
10225.98,73.90
10374.72,72.85
10525.62,71.89
10678.72,71.13
10834.04,70.72
10991.63,70.40
11151.51,70.32
11313.71,70.37
11478.27,70.16
11645.23,69.62
11814.61,69.15
11986.46,68.70
12160.80,68.34
12337.69,67.85
12517.14,67.49
12699.21,67.42
12883.92,67.27
13071.32,66.74
13261.45,66.39
13454.34,66.40
13650.04,66.06
13848.58,65.65
14050.02,65.50
14254.38,65.54
14461.71,65.57
14672.06,65.48
14885.47,65.39
15101.99,65.67
15321.65,66.20
15544.51,66.48
15770.61,66.48
16000.00,66.56
16232.73,66.82
16468.84,67.12
16708.38,67.47
16951.41,67.54
17197.97,66.22
17448.12,63.95
17701.91,62.23
17959.39,61.26
18220.62,60.59
18485.64,60.24
18754.52,59.64
19027.31,59.50
19304.07,59.26
19584.86,58.59
19869.72,58.14