19.13,95.01
19.40,95.09
19.69,95.16
19.97,95.24
20.26,95.32
20.56,95.23
20.86,95.30
21.16,95.38
21.47,95.45
21.78,95.46
22.10,95.59
22.42,95.66
22.74,95.74
23.08,95.82
23.41,95.89
23.75,95.88
24.10,95.95
24.45,95.97
24.80,96.04
25.16,96.11
25.53,96.07
25.90,96.14
26.28,96.21
26.66,96.22
27.05,96.29
27.44,96.26
27.84,96.33
28.25,96.31
28.66,96.38
29.07,96.40
29.50,96.23
29.93,96.30
30.36,96.36
30.80,96.31
31.25,96.37
31.70,96.43
32.17,96.45
32.63,96.51
33.11,96.43
33.59,96.49
34.08,96.42
34.57,96.42
35.08,96.48
35.59,96.31
36.10,96.37
36.63,96.43
37.16,96.36
37.70,96.29
38.25,96.39
38.81,96.45
39.37,96.34
39.95,96.39
40.53,96.45
41.12,96.30
41.71,96.35
42.32,96.43
42.94,96.48
43.56,96.39
44.19,96.37
44.84,96.27
45.49,96.32
46.15,96.15
46.82,96.19
47.50,96.00
48.19,96.05
48.90,95.97
49.61,95.87
50.33,95.91
51.06,95.92
51.80,95.97
52.56,95.98
53.32,95.98
54.10,96.03
54.88,95.89
55.68,95.94
56.49,95.87
57.31,95.85
58.15,95.86
58.99,95.76
59.85,95.55
60.72,95.59
61.60,95.58
62.50,95.63
63.41,95.58
64.33,95.69
65.27,95.69
66.22,95.75
67.18,95.73
68.16,95.76
69.15,95.70
70.15,95.69
71.17,95.64
72.21,95.64
73.26,95.59
74.33,95.56
75.41,95.56
76.50,95.51
77.62,95.45
78.75,95.44
79.89,95.50
81.05,95.52
82.23,95.50
83.43,95.55
84.64,95.49
85.87,95.40
87.12,95.35
88.39,95.36
89.67,95.31
90.98,95.26
92.30,95.19
93.64,95.21
95.01,95.23
96.39,95.26
97.79,95.27
99.21,95.14
100.66,95.15
102.12,95.07
103.61,94.94
105.11,94.91
106.64,94.91
108.19,94.88
109.77,94.79
111.36,94.80
112.98,94.87
114.63,94.90
116.29,94.71
117.98,94.64
119.70,94.62
121.44,94.57
123.21,94.53
125.00,94.43
126.82,94.35
128.66,94.46
130.53,94.54
132.43,94.57
134.36,94.48
136.31,94.45
138.30,94.47
140.31,94.48
142.35,94.32
144.42,94.16
146.52,94.15
148.65,94.18
150.81,94.15
153.01,94.11
155.23,94.08
157.49,94.04
159.78,94.05
162.10,93.97
164.46,93.98
166.85,93.86
169.28,93.86
171.74,93.67
174.24,93.65
176.78,93.63
179.35,93.57
181.96,93.47
184.60,93.27
187.29,93.20
190.01,93.10
192.78,92.95
195.58,92.98
198.43,93.00
201.31,92.96
204.24,93.00
207.21,93.04
210.22,93.08
213.28,93.12
216.38,93.08
219.53,93.02
222.72,93.07
225.96,93.15
229.25,93.21
232.59,93.19
235.97,93.28
239.40,93.22
242.88,93.15
246.42,93.13
250.00,93.08
253.64,93.03
257.33,93.02
261.07,93.05
264.87,93.13
268.72,93.05
272.63,92.96
276.59,92.77
280.62,92.55
284.70,92.49
288.84,92.55
293.04,92.35
297.30,92.30
301.63,92.15
306.01,92.11
310.46,92.10
314.98,91.99
319.56,91.86
324.21,91.93
328.93,91.90
333.71,91.77
338.56,91.79
343.49,91.70
348.48,91.81
353.55,91.67
358.70,91.59
363.91,91.57
369.21,91.73
374.58,91.71
380.03,91.73
385.55,91.66
391.16,91.61
396.85,91.54
402.62,91.47
408.48,91.57
414.42,91.35
420.45,91.35
426.56,91.17
432.77,91.13
439.06,91.14
445.45,91.12
451.93,91.07
458.50,91.02
465.17,90.95
471.94,90.79
478.80,90.70
485.77,90.72
492.83,90.79
500.00,90.68
507.27,90.44
514.65,90.59
522.14,90.69
529.73,90.75
537.44,90.78
545.25,90.86
553.18,90.73
561.23,90.65
569.39,90.61
577.68,90.56
586.08,90.37
594.60,90.46
603.25,90.54
612.03,90.32
620.93,90.40
629.96,90.47
639.12,90.44
648.42,90.29
657.85,90.27
667.42,90.18
677.13,90.12
686.98,90.23
696.97,90.05
707.11,90.03
717.39,90.12
727.83,89.88
738.41,90.01
749.15,90.17
760.05,90.22
771.11,90.17
782.32,90.29
793.70,90.09
805.25,90.30
816.96,90.29
828.84,90.27
840.90,90.31
853.13,90.38
865.54,90.49
878.13,90.61
890.90,90.58
903.86,90.77
917.00,90.90
930.34,90.82
943.87,90.83
957.60,90.95
971.53,91.10
985.66,91.05
1000.00,91.17
1014.55,91.11
1029.30,91.37
1044.27,91.46
1059.46,91.60
1074.87,91.95
1090.51,92.29
1106.37,92.64
1122.46,92.75
1138.79,92.94
1155.35,92.89
1172.16,92.91
1189.21,93.13
1206.50,93.25
1224.05,93.31
1241.86,93.62
1259.92,93.91
1278.25,94.05
1296.84,94.24
1315.70,94.65
1334.84,94.76
1354.26,94.75
1373.95,95.01
1393.94,95.14
1414.21,95.28
1434.78,95.47
1455.65,95.85
1476.83,96.06
1498.31,96.38
1520.10,96.54
1542.21,96.85
1564.64,96.94
1587.40,97.05
1610.49,97.04
1633.92,97.25
1657.68,97.51
1681.79,97.64
1706.26,97.92
1731.07,98.38
1756.25,98.60
1781.80,99.09
1807.71,99.33
1834.01,99.72
1860.68,99.92
1887.75,100.13
1915.21,100.25
1943.06,100.48
1971.33,100.87
2000.00,101.09
2029.09,101.35
2058.60,101.82
2088.55,102.06
2118.93,102.36
2149.75,102.56
2181.02,102.88
2212.74,102.98
2244.92,103.20
2277.58,103.22
2310.71,103.24
2344.32,103.17
2378.41,103.19
2413.01,103.17
2448.11,102.90
2483.72,102.61
2519.84,102.27
2556.49,102.01
2593.68,101.67
2631.41,101.47
2669.68,101.13
2708.51,100.68
2747.91,100.49
2787.88,100.20
2828.43,99.89
2869.57,99.67
2911.31,99.54
2953.65,99.26
2996.61,98.95
3040.20,98.68
3084.42,98.24
3129.29,97.86
3174.80,97.73
3220.98,97.53
3267.83,97.44
3315.36,97.48
3363.59,97.32
3412.51,97.27
3462.15,97.09
3512.50,96.97
3563.59,96.90
3615.43,96.76
3668.02,96.74
3721.37,96.62
3775.50,96.63
3830.41,96.58
3886.13,96.63
3942.65,96.63
4000.00,96.73
4058.18,96.79
4117.21,97.14
4177.10,97.31
4237.85,97.74
4299.49,97.95
4362.03,98.39
4425.48,99.00
4489.85,99.28
4555.15,99.66
4621.41,99.69
4688.63,99.86
4756.83,99.97
4826.02,100.38
4896.21,100.80
4967.43,101.04
5039.68,101.38
5112.99,101.98
5187.36,102.65
5262.81,103.28
5339.36,103.56
5417.02,103.40
5495.81,102.92
5575.75,102.23
5656.85,101.88
5739.14,101.61
5822.61,101.34
5907.30,100.67
5993.23,99.99
6080.40,99.34
6168.84,98.85
6258.57,98.58
6349.60,98.48
6441.96,98.23
6535.66,97.99
6630.73,97.72
6727.17,97.66
6825.02,97.71
6924.29,97.90
7025.01,98.11
7127.19,98.57
7230.86,98.90
7336.03,99.33
7442.74,99.73
7550.99,100.37
7660.83,101.05
7772.26,101.71
7885.31,102.16
8000.00,102.52
8116.36,102.49
8234.42,102.41
8354.19,102.16
8475.70,101.67
8598.99,101.08
8724.06,100.55
8850.96,99.95
8979.70,99.63
9110.31,99.35
9242.82,99.36
9377.26,99.34
9513.66,99.18
9652.04,99.33
9792.43,99.68
9934.86,99.92
10079.37,100.23
10225.98,100.20
10374.72,99.78
10525.62,99.17
10678.72,98.25
10834.04,97.30
10991.63,96.14
11151.51,95.14
11313.71,94.27
11478.27,93.41
11645.23,93.04
11814.61,92.67
11986.46,92.42
12160.80,92.32
12337.69,92.17
12517.14,92.45
12699.21,92.59
12883.92,92.56
13071.32,92.52
13261.45,92.54
13454.34,92.50
13650.04,92.42
13848.58,92.30
14050.02,92.09
14254.38,92.34
14461.71,92.73
14672.06,92.88
14885.47,92.68
15101.99,92.50
15321.65,92.51
15544.51,92.59
15770.61,92.44
16000.00,91.94
16232.73,91.60
16468.84,91.06
16708.38,90.85
16951.41,90.37
17197.97,90.31
17448.12,90.58
17701.91,90.30
17959.39,90.20
18220.62,90.23
18485.64,90.01
18754.52,90.03
19027.31,89.95
19304.07,89.69
19584.86,89.60
19869.72,89.08