19.13,56.97
19.40,57.05
19.69,57.13
19.97,57.20
20.26,57.28
20.56,57.40
20.86,57.48
21.16,57.55
21.47,57.63
21.78,57.67
22.10,57.83
22.42,57.90
22.74,57.98
23.08,58.09
23.41,58.16
23.75,58.22
24.10,58.29
24.45,58.37
24.80,58.44
25.16,58.51
25.53,58.54
25.90,58.61
26.28,58.67
26.66,58.67
27.05,58.74
27.44,58.76
27.84,58.83
28.25,58.81
28.66,58.88
29.07,58.92
29.50,58.81
29.93,58.87
30.36,58.93
30.80,58.94
31.25,59.00
31.70,59.06
32.17,59.14
32.63,59.20
33.11,59.11
33.59,59.17
34.08,59.13
34.57,59.16
35.08,59.22
35.59,59.09
36.10,59.14
36.63,59.20
37.16,59.16
37.70,59.13
38.25,59.22
38.81,59.27
39.37,59.20
39.95,59.25
40.53,59.30
41.12,59.23
41.71,59.28
42.32,59.38
42.94,59.43
43.56,59.37
44.19,59.34
44.84,59.31
45.49,59.36
46.15,59.27
46.82,59.32
47.50,59.19
48.19,59.24
48.90,59.19
49.61,59.10
50.33,59.14
51.06,59.14
51.80,59.19
52.56,59.20
53.32,59.19
54.10,59.24
54.88,59.15
55.68,59.20
56.49,59.19
57.31,59.17
58.15,59.18
58.99,59.11
59.85,58.89
60.72,58.93
61.60,58.90
62.50,58.94
63.41,58.82
64.33,58.92
65.27,58.95
66.22,58.99
67.18,58.98
68.16,58.99
69.15,58.95
70.15,58.92
71.17,58.89
72.21,58.91
73.26,58.86
74.33,58.82
75.41,58.79
76.50,58.72
77.62,58.70
78.75,58.70
79.89,58.75
81.05,58.80
82.23,58.83
83.43,58.87
84.64,58.78
85.87,58.67
87.12,58.61
88.39,58.59
89.67,58.54
90.98,58.53
92.30,58.47
93.64,58.51
95.01,58.50
96.39,58.49
97.79,58.51
99.21,58.40
100.66,58.37
102.12,58.29
103.61,58.16
105.11,58.19
106.64,58.19
108.19,58.15
109.77,58.14
111.36,58.17
112.98,58.23
114.63,58.24
116.29,58.09
117.98,58.02
119.70,57.99
121.44,57.93
123.21,57.89
125.00,57.81
126.82,57.80
128.66,57.84
130.53,57.89
132.43,57.86
134.36,57.82
136.31,57.75
138.30,57.75
140.31,57.76
142.35,57.66
144.42,57.58
146.52,57.59
148.65,57.64
150.81,57.61
153.01,57.61
155.23,57.61
157.49,57.59
159.78,57.58
162.10,57.53
164.46,57.53
166.85,57.47
169.28,57.45
171.74,57.30
174.24,57.30
176.78,57.30
179.35,57.25
181.96,57.13
184.60,56.98
187.29,56.94
190.01,56.86
192.78,56.79
195.58,56.76
198.43,56.68
201.31,56.59
204.24,56.54
207.21,56.50
210.22,56.52
213.28,56.53
216.38,56.47
219.53,56.40
222.72,56.45
225.96,56.45
229.25,56.40
232.59,56.36
235.97,56.36
239.40,56.31
242.88,56.34
246.42,56.31
250.00,56.30
253.64,56.19
257.33,56.14
261.07,56.11
264.87,56.11
268.72,56.05
272.63,55.99
276.59,55.91
280.62,55.82
284.70,55.74
288.84,55.70
293.04,55.59
297.30,55.55
301.63,55.46
306.01,55.45
310.46,55.40
314.98,55.33
319.56,55.19
324.21,55.17
328.93,55.12
333.71,55.09
338.56,55.07
343.49,55.00
348.48,55.02
353.55,54.94
358.70,54.85
363.91,54.81
369.21,54.76
374.58,54.58
380.03,54.48
385.55,54.38
391.16,54.27
396.85,54.24
402.62,54.14
408.48,54.06
414.42,54.00
420.45,53.92
426.56,53.91
432.77,53.91
439.06,53.90
445.45,53.90
451.93,53.83
458.50,53.73
465.17,53.68
471.94,53.59
478.80,53.52
485.77,53.45
492.83,53.37
500.00,53.31
507.27,53.22
514.65,53.19
522.14,53.06
529.73,53.04
537.44,52.99
545.25,52.97
553.18,52.94
561.23,52.80
569.39,52.66
577.68,52.63
586.08,52.50
594.60,52.41
603.25,52.39
612.03,52.24
620.93,52.21
629.96,52.23
639.12,52.17
648.42,52.06
657.85,52.05
667.42,52.01
677.13,51.90
686.98,51.88
696.97,51.87
707.11,51.83
717.39,51.81
727.83,51.74
738.41,51.69
749.15,51.68
760.05,51.64
771.11,51.62
782.32,51.54
793.70,51.48
805.25,51.42
816.96,51.38
828.84,51.34
840.90,51.24
853.13,51.21
865.54,51.16
878.13,51.15
890.90,51.13
903.86,51.16
917.00,51.18
930.34,51.26
943.87,51.35
957.60,51.40
971.53,51.46
985.66,51.59
1000.00,51.68
1014.55,51.77
1029.30,51.87
1044.27,51.97
1059.46,52.04
1074.87,52.15
1090.51,52.26
1106.37,52.38
1122.46,52.47
1138.79,52.63
1155.35,52.76
1172.16,52.85
1189.21,52.98
1206.50,53.10
1224.05,53.18
1241.86,53.29
1259.92,53.42
1278.25,53.55
1296.84,53.68
1315.70,53.85
1334.84,53.99
1354.26,54.14
1373.95,54.29
1393.94,54.42
1414.21,54.61
1434.78,54.77
1455.65,55.00
1476.83,55.13
1498.31,55.38
1520.10,55.52
1542.21,55.77
1564.64,56.00
1587.40,56.23
1610.49,56.48
1633.92,56.84
1657.68,57.17
1681.79,57.43
1706.26,57.79
1731.07,58.20
1756.25,58.59
1781.80,59.00
1807.71,59.40
1834.01,59.82
1860.68,60.16
1887.75,60.46
1915.21,60.75
1943.06,61.01
1971.33,61.28
2000.00,61.52
2029.09,61.78
2058.60,62.02
2088.55,62.25
2118.93,62.52
2149.75,62.72
2181.02,62.93
2212.74,63.06
2244.92,63.22
2277.58,63.34
2310.71,63.47
2344.32,63.53
2378.41,63.56
2413.01,63.60
2448.11,63.54
2483.72,63.53
2519.84,63.48
2556.49,63.36
2593.68,63.21
2631.41,63.04
2669.68,62.82
2708.51,62.56
2747.91,62.34
2787.88,62.05
2828.43,61.76
2869.57,61.54
2911.31,61.24
2953.65,60.97
2996.61,60.67
3040.20,60.42
3084.42,60.16
3129.29,59.90
3174.80,59.67
3220.98,59.40
3267.83,59.22
3315.36,59.11
3363.59,58.95
3412.51,58.85
3462.15,58.71
3512.50,58.59
3563.59,58.51
3615.43,58.46
3668.02,58.42
3721.37,58.39
3775.50,58.41
3830.41,58.44
3886.13,58.51
3942.65,58.64
4000.00,58.76
4058.18,58.91
4117.21,59.09
4177.10,59.27
4237.85,59.50
4299.49,59.72
4362.03,60.04
4425.48,60.37
4489.85,60.62
4555.15,60.97
4621.41,61.30
4688.63,61.71
4756.83,62.11
4826.02,62.42
4896.21,62.54
4967.43,62.44
5039.68,62.22
5112.99,61.81
5187.36,61.36
5262.81,60.76
5339.36,60.12
5417.02,59.38
5495.81,58.55
5575.75,58.00
5656.85,57.69
5739.14,57.48
5822.61,56.97
5907.30,56.39
5993.23,55.97
6080.40,55.70
6168.84,55.39
6258.57,55.15
6349.60,54.97
6441.96,54.91
6535.66,54.84
6630.73,54.91
6727.17,55.03
6825.02,55.21
6924.29,55.46
7025.01,55.78
7127.19,56.18
7230.86,56.68
7336.03,57.23
7442.74,57.84
7550.99,58.43
7660.83,58.92
7772.26,59.33
7885.31,59.65
8000.00,59.84
8116.36,59.85
8234.42,59.58
8354.19,59.08
8475.70,58.36
8598.99,57.55
8724.06,56.68
8850.96,55.81
8979.70,55.13
9110.31,54.55
9242.82,54.05
9377.26,53.70
9513.66,53.38
9652.04,53.27
9792.43,53.39
9934.86,53.64
10079.37,54.03
10225.98,54.61
10374.72,55.26
10525.62,55.98
10678.72,56.67
10834.04,57.06
10991.63,56.91
11151.51,56.20
11313.71,55.07
11478.27,53.71
11645.23,52.28
11814.61,51.01
11986.46,50.02
12160.80,49.20
12337.69,48.51
12517.14,47.99
12699.21,47.50
12883.92,46.96
13071.32,46.56
13261.45,46.15
13454.34,45.64
13650.04,45.30
13848.58,45.20
14050.02,45.02
14254.38,44.83
14461.71,44.88
14672.06,45.15
14885.47,45.40
15101.99,45.50
15321.65,44.47
15544.51,42.90
15770.61,42.64
16000.00,42.84
16232.73,42.32
16468.84,41.49
16708.38,41.30
16951.41,41.80
17197.97,42.31
17448.12,41.58
17701.91,39.44
17959.39,36.60
18220.62,33.91
18485.64,31.84
18754.52,30.16
19027.31,28.84
19304.07,27.53
19584.86,25.93
19869.72,23.80